5.374810514307119813e-02 9.160237799086896893e-02 -5.485000394447649974e-01
4.477373658435822995e-03 8.847882436516583959e-02 -5.461963606324170550e-01
4.471693950603759446e-03 5.253444224826363251e-02 -5.473096251157606451e-01
5.375089640373090921e-02 5.423897678041173648e-02 -5.481712508108146364e-01
8.928434118104464426e-03 8.868317591944877010e-02 -5.475275166608636335e-01
4.472255079961619424e-03 5.576459152228307320e-02 -5.467823698172737945e-01
4.880155980963252899e-02 5.424108351447681081e-02 -5.480879423451934240e-01
5.375435351165604864e-02 8.816334196158191749e-02 -5.478461400949117266e-01
1.315606029390233370e-02 8.897962004790882506e-02 -5.459346479907689620e-01
4.472809366298314930e-03 5.899465163578499621e-02 -5.463126459927285516e-01
4.435347049603119429e-02 5.424505638127813389e-02 -5.477869194327362745e-01
5.375172318912030400e-02 8.493511087729474496e-02 -5.481166252708882247e-01
1.760525461017191373e-02 8.918428178177618959e-02 -5.472537713599247011e-01
4.473357873775069514e-03 6.222462749035551077e-02 -5.458914883285602704e-01
3.990269998533032408e-02 5.374647810024616584e-02 -5.477848177562021359e-01
5.375825756673826422e-02 8.149499436764023885e-02 -5.474329114840823518e-01
2.205703515225116915e-02 8.968468745031087097e-02 -5.471138073083857689e-01
4.473728842663588813e-03 6.566237098025283492e-02 -5.472362427074088931e-01
3.545319302843486647e-02 5.374988137523994958e-02 -5.475458171750233749e-01
5.374416433024307299e-02 7.797616547067699744e-02 -5.488964689414137510e-01
2.628282237797633508e-02 8.968628313730642176e-02 -5.469217186601985636e-01
4.474277676866331675e-03 6.889242265848941060e-02 -5.468123385560192951e-01
3.073171701873090439e-02 5.353094360837731824e-02 -5.468628720236722307e-01
5.375079398727269225e-02 7.453613368427304542e-02 -5.482027224708880819e-01
3.073480293401969696e-02 9.018615259317026844e-02 -5.468150721480685705e-01
4.474822018820661003e-03 7.212237919971771494e-02 -5.464261505571451627e-01
2.628120429699653052e-02 5.353514068043739582e-02 -5.465181388415389918e-01
5.374793633488074429e-02 7.130820164890115664e-02 -5.484969638759980004e-01
3.545549676821115742e-02 9.039903650076798469e-02 -5.475530758474432824e-01
4.475362445387764086e-03 7.535224556453654077e-02 -5.460728229499677289e-01
2.204580482740968461e-02 5.323860595591035916e-02 -5.491842622678947405e-01
5.375480665078724574e-02 6.786688441089712420e-02 -5.477780867940588161e-01
3.990688373434123776e-02 9.089908724897866055e-02 -5.474372987039084482e-01
4.475899438796730051e-03 7.858202592554304478e-02 -5.457482970693741109e-01
1.760158215075376120e-02 5.303296996509513500e-02 -5.470557943526210831e-01
5.375192325455301068e-02 6.463902525384303266e-02 -5.480749970204321642e-01
4.435648556968088685e-02 9.089537879159120815e-02 -5.475718130016259400e-01
4.476301631402622265e-03 8.201928255973889303e-02 -5.468290298576597985e-01
1.314997071197558827e-02 5.303613798804996532e-02 -5.468295266569469515e-01
5.375896281572396795e-02 6.119624949537127989e-02 -5.473383994661553675e-01
4.880734917014483559e-02 9.139437194865288050e-02 -5.475208047443361759e-01
4.476839059510734700e-03 8.524909919866707764e-02 -5.465008407571985138e-01
8.923379695225582345e-03 5.253171504577514028e-02 -5.474855423889106731e-01
5.374383251414188711e-02 5.768177217517983513e-02 -5.489105652354521192e-01
2.043608198073203763e-01 -1.438498153164897986e-01 -5.536385835162818125e-01
1.444613454612849734e-01 -1.385223390246927699e-01 -5.516208858427400497e-01
1.444681150285329896e-01 -1.744050172886768835e-01 -5.517080204200106586e-01
2.043803249032734581e-01 -1.814447150556489918e-01 -5.535704220299827449e-01
1.496247606458681600e-01 -1.390136642784638998e-01 -5.518977860225681153e-01
1.444632446241886636e-01 -1.711733274637544655e-01 -5.518463896083214415e-01
1.987021829974936205e-01 -1.806592374408886315e-01 -5.537972368988607341e-01
2.043559914243559261e-01 -1.472929338893387563e-01 -5.537836772557115372e-01
1.550784931549563928e-01 -1.395195716234573502e-01 -5.516920113690126914e-01
1.444693958683319623e-01 -1.677314469996548096e-01 -5.516046667144736126e-01
1.930497492176612429e-01 -1.799524409483228560e-01 -5.534069758818326301e-01
2.043510729629663403e-01 -1.507357636994292593e-01 -5.539309138516795850e-01
1.602265826908219615e-01 -1.397215115227042614e-01 -5.523984867165874224e-01
1.444645102137120385e-01 -1.645000207057907837e-01 -5.517435420045384564e-01
1.873966484409175515e-01 -1.792458580110410926e-01 -5.530011507294180229e-01
2.043573693899110866e-01 -1.539643181402249872e-01 -5.538192720529606650e-01
1.656802938146973436e-01 -1.402276544950985249e-01 -5.521878721487604169e-01
1.444596046308409265e-01 -1.612687692172593557e-01 -5.518831185112871296e-01
1.819432436345210513e-01 -1.787389181122422399e-01 -5.531925046255282696e-01
2.043523679609990928e-01 -1.574069621271802777e-01 -5.539684324958501493e-01
1.711229024802289889e-01 -1.409476704870946395e-01 -5.523041954734422276e-01
1.444796227190427163e-01 -1.581186265863130380e-01 -5.511683566780278820e-01
1.762893635964577765e-01 -1.780328177516656840e-01 -5.527658003125304198e-01
2.043730999757710776e-01 -1.609246122484492836e-01 -5.535293759488633114e-01
1.762836547567470380e-01 -1.414391006809915252e-01 -5.525673650546391036e-01
1.444747336685028027e-01 -1.548875090861367987e-01 -5.513072827192929681e-01
1.711258281396973446e-01 -1.775409606486685055e-01 -5.525739474363973169e-01
2.043680911741013462e-01 -1.643675335533906490e-01 -5.536785747475438946e-01
1.819467997022675698e-01 -1.419332810318301996e-01 -5.527407028820270352e-01
1.444698292064006129e-01 -1.516565733427922558e-01 -5.514467529991650130e-01
1.656836559448936486e-01 -1.768230859099924890e-01 -5.524354789562636592e-01
2.043630239399927273e-01 -1.678101780784904407e-01 -5.538291865882718490e-01
1.873864831562818134e-01 -1.421515274011962704e-01 -5.528931887023330605e-01
1.444649143039654637e-01 -1.484258256580128499e-01 -5.515865981022132214e-01
1.602416254959085629e-01 -1.761056489587685681e-01 -5.522817868982607958e-01
2.043694650991772221e-01 -1.710396232061870136e-01 -5.537142548466291725e-01
1.930377557449373116e-01 -1.428605738325426922e-01 -5.533322377837628370e-01
1.444711813038169756e-01 -1.449830739979462435e-01 -5.513410149191743104e-01
1.550766272314166028e-01 -1.756138284006011352e-01 -5.520829341725900230e-01
2.043643439460350597e-01 -1.744820962438378420e-01 -5.538661249418981303e-01
1.986995641422588388e-01 -1.433551919213650327e-01 -5.534855874706231527e-01
1.444662622981101041e-01 -1.417526053097317162e-01 -5.514809787687277032e-01
1.496343618371813178e-01 -1.748969616926457638e-01 -5.519067471762042487e-01
2.043591854107187911e-01 -1.779243034050158878e-01 -5.540189191501155852e-01
9.393157433031738834e-02 7.363189990154356268e-02 -5.529499999479593475e-01
5.243851521658225712e-02 7.121189307740670438e-02 -5.520140625539814438e-01
5.244054013323000418e-02 1.758010761887924406e-02 -5.517467581073786098e-01
9.394309932237887573e-02 1.829324418159068016e-02 -5.526677052318132999e-01
5.616852189317803751e-02 7.172021358584231010e-02 -5.513046956831126888e-01
5.244182078627549620e-02 2.252766480044093508e-02 -5.516260545645902402e-01
9.020642332779427175e-02 1.829191106691818031e-02 -5.534475311296233047e-01
9.394158538508258494e-02 6.847102039738894863e-02 -5.524550866694123430e-01
6.011218371467182131e-02 7.171515137530785899e-02 -5.515859717865740919e-01
5.244320408015667317e-02 2.747536097790465731e-02 -5.514952535040597015e-01
8.627272227303604824e-02 1.807092201131880321e-02 -5.528079118847004647e-01
9.394069441046394575e-02 6.352538435588903076e-02 -5.525305342362110128e-01
6.354211129754845644e-02 7.191915849204517930e-02 -5.529238039079317213e-01
5.244462069778846325e-02 3.242319113874283371e-02 -5.513612032707392308e-01
8.233450596303253100e-02 1.807268538246040168e-02 -5.523599869281747843e-01
9.393987923309356225e-02 5.857979889727718548e-02 -5.526020358951101441e-01
6.728420917615533792e-02 7.221553121267466901e-02 -5.513782056207927607e-01
5.244601704660798586e-02 3.737113246052629900e-02 -5.512291955315444802e-01
7.859816679410221163e-02 1.807156463084505851e-02 -5.532197960405620396e-01
9.393916714821461122e-02 5.363426664933947791e-02 -5.526681645420452593e-01
7.121562919829277361e-02 7.242311819306700149e-02 -5.524595168975604542e-01
5.243442724558197016e-02 4.203383764944265688e-02 -5.523831077991547822e-01
7.465994455980083655e-02 1.807338174204516784e-02 -5.527471443907037152e-01
9.393650423828345253e-02 4.818797735902630858e-02 -5.528396726096520553e-01
7.465475128435716812e-02 7.241582523322621923e-02 -5.528986475452251081e-01
5.243543905586915688e-02 4.698047554400996279e-02 -5.522888949645458068e-01
7.121988945218940548e-02 1.779884928499216035e-02 -5.523260099073979967e-01
9.393624464621806724e-02 4.324270471709176777e-02 -5.528821962810166468e-01
7.859837237024705492e-02 7.291311798414588929e-02 -5.529841294628161652e-01
5.243652338442091054e-02 5.192722629034223630e-02 -5.521875588253680744e-01
6.728062183057356704e-02 1.780109003937425938e-02 -5.517837435112981082e-01
9.393620837644926780e-02 3.829745608843616173e-02 -5.529130571852297615e-01
8.232825662227896690e-02 7.291904508969103416e-02 -5.524852776950237576e-01
5.243763857677510853e-02 5.687406744899024119e-02 -5.520832116009956048e-01
6.354456867462449088e-02 1.779907051414942112e-02 -5.528188483903407890e-01
9.394346144781733077e-02 3.313089662269209229e-02 -5.525620089075079511e-01
8.625782839989518114e-02 7.312826129757125926e-02 -5.533796578641670960e-01
5.243875468274482310e-02 6.182097361778576827e-02 -5.519788084000889494e-01
6.010975295248061068e-02 1.780236708967389975e-02 -5.518441341161866021e-01
9.394310021001166244e-02 2.818502799465189348e-02 -5.526098079209165181e-01
9.021187382698461765e-02 7.341105130562353143e-02 -5.528566157492956767e-01
5.245031000279552075e-02 6.655661596014107728e-02 -5.508410541719814812e-01
5.616968533974978778e-02 1.780491364309862157e-02 -5.511877668060013447e-01
9.394297026065039080e-02 2.323915465476634329e-02 -5.526455241976240274e-01
2.031181562193828671e-01 -1.725966539630436336e-01 -5.591376745941567528e-01
1.407150852849686773e-01 -1.658852496015589817e-01 -5.564635912733846279e-01
1.407216421295411080e-01 -2.093503396252768267e-01 -5.566058840878470582e-01
2.031173645781876036e-01 -2.176781314297671910e-01 -5.595690728374211886e-01
1.460713632228007874e-01 -1.660695871140270008e-01 -5.573863804502117159e-01
1.407090909793833611e-01 -2.051066296865162730e-01 -5.569746293326737208e-01
1.972609325409928061e-01 -2.169865256766174699e-01 -5.590492230087210634e-01
2.031055905769588998e-01 -1.767475445787149713e-01 -5.594365505296871044e-01
1.515110858798610904e-01 -1.667874976729612213e-01 -5.574609899303414329e-01
1.407107312708510138e-01 -2.011639394906649114e-01 -5.568899045249987578e-01
1.916125027734121578e-01 -2.162818049211329141e-01 -5.587665733877590357e-01
2.031056871340417014e-01 -1.806892230044489789e-01 -5.594708382909318045e-01
1.571609177036189242e-01 -1.674927868767531747e-01 -5.578420042397480572e-01
1.407124095192031077e-01 -1.972212310229321253e-01 -5.568039672904521176e-01
1.854608059396795350e-01 -2.155740332120133773e-01 -5.585391503918147871e-01
2.031222189062974193e-01 -1.849262038695580201e-01 -5.591668189927546662e-01
1.628225734224732490e-01 -1.679910582153619492e-01 -5.578692514190657370e-01
1.407141247852567445e-01 -1.932784992407189373e-01 -5.567168483763534903e-01
1.797956648789020284e-01 -2.145708526667074456e-01 -5.586110398047072767e-01
2.031095223435041008e-01 -1.890763424079697497e-01 -5.594684619521584912e-01
1.684713296367199575e-01 -1.686968804440259762e-01 -5.582270997719821493e-01
1.407158758998631465e-01 -1.893357388910553996e-01 -5.566285859585360374e-01
1.741459591942345342e-01 -2.138668396162003715e-01 -5.583041148346494786e-01
2.031096005233858082e-01 -1.930181610685371696e-01 -5.595031380167048152e-01
1.741321148795601237e-01 -1.691951265802030535e-01 -5.582541208234159669e-01
1.407176614378206903e-01 -1.853929445108287166e-01 -5.565392264816685364e-01
1.684956726614208200e-01 -2.131630952636607290e-01 -5.579856663796144423e-01
2.031261763153144606e-01 -1.972563881093596372e-01 -5.591981660209008886e-01
1.797799388578837365e-01 -1.699014859332666216e-01 -5.585895415538072450e-01
1.407077660901055738e-01 -1.816557327698853086e-01 -5.568267175595400520e-01
1.628295024675413538e-01 -2.121596255757580984e-01 -5.580637302218174334e-01
2.031134200698942738e-01 -2.014058287315340645e-01 -5.595010919143186268e-01
1.854399284780064439e-01 -1.703997454051658367e-01 -5.586154154171460995e-01
1.407095499873740885e-01 -1.777131809057034550e-01 -5.567373962205199867e-01
1.571781509129299148e-01 -2.114562213979110650e-01 -5.577324415874771457e-01
2.031134892225087418e-01 -2.053477945111011616e-01 -5.595359615929754726e-01
1.915905865365132021e-01 -1.711101257014872867e-01 -5.588447729130482378e-01
1.407113660813533174e-01 -1.737705871753262021e-01 -5.566470496179387606e-01
1.515261013666547030e-01 -2.107530615295872545e-01 -5.573893954757745961e-01
2.031300527459783400e-01 -2.095872129328744116e-01 -5.592312101318385187e-01
1.972373579467431026e-01 -1.718173610361005410e-01 -5.591439768160735291e-01
1.407132120748608162e-01 -1.698279454981369563e-01 -5.565557523039063037e-01
1.460868541178487745e-01 -2.100380074837329414e-01 -5.572771269728475918e-01
2.031172967024956200e-01 -2.137360114184408411e-01 -5.595341709708664402e-01
9.404790642386913480e-02 -1.520393582632748042e-01 -5.568040696465157424e-01
3.657247013496026794e-02 -1.463005102239393063e-01 -5.541662690523441182e-01
3.657272581517286708e-02 -1.844164358544194138e-01 -5.538153664717059277e-01
9.406443082547434609e-02 -1.918661291604785157e-01 -5.562223064684700402e-01
4.173540024601524873e-02 -1.464942291111222261e-01 -5.550183120574051499e-01
3.656597153837283509e-02 -1.808726098151079709e-01 -5.547932308244197808e-01
8.889830890572653077e-02 -1.913685483876364779e-01 -5.561823254716674603e-01
9.405659394913898352e-02 -1.557784171164414144e-01 -5.564035960807255377e-01
4.668361714054646699e-02 -1.470008931702764809e-01 -5.548140037263542546e-01
3.656845292868193126e-02 -1.774368286153896190e-01 -5.544731297032049477e-01
8.344667132216680716e-02 -1.903526375799859949e-01 -5.565425709916078656e-01
9.405187270149903411e-02 -1.592152729818125667e-01 -5.566513255402375515e-01
5.212582406469921242e-02 -1.477096234574799272e-01 -5.552150795760600888e-01
3.657101604352208657e-02 -1.740009313377141598e-01 -5.541415612520622647e-01
7.828851733151236114e-02 -1.896537447383828123e-01 -5.560346547352347235e-01
9.406034189698875281e-02 -1.629547591301375442e-01 -5.562614366308000768e-01
5.707430241400190951e-02 -1.482170177478693840e-01 -5.549919936645222318e-01
3.656822860788216945e-02 -1.702581019850200605e-01 -5.545639541046989418e-01
7.284732384302260166e-02 -1.889439804144574797e-01 -5.557648937540135003e-01
9.405569411573155847e-02 -1.663916745869445379e-01 -5.565056008141197053e-01
6.224246023902603453e-02 -1.487154290072287000e-01 -5.550303715531167414e-01
3.657086890900862475e-02 -1.668223573949829397e-01 -5.542215475547697112e-01
6.768680016356903861e-02 -1.882449068433547645e-01 -5.552396765358506014e-01
9.406394531839681883e-02 -1.701315534061611789e-01 -5.561262799718219574e-01
6.768366232656795878e-02 -1.494260082671767798e-01 -5.553683886633634659e-01
3.656902495874313208e-02 -1.635858926613598663e-01 -5.545072499667542676e-01
6.223755416737736940e-02 -1.877361198127558140e-01 -5.554578047035504396e-01
9.404932716727007480e-02 -1.737704242459367499e-01 -5.568548245606463887e-01
7.285059509483265971e-02 -1.499235330630379892e-01 -5.554310819979326741e-01
3.657176207580607741e-02 -1.601502108226621479e-01 -5.541512531521627372e-01
5.707509705564691588e-02 -1.870366742362456758e-01 -5.549309070317181014e-01
9.405747410143242004e-02 -1.775108387811995536e-01 -5.564805107715915522e-01
7.828869685607611761e-02 -1.501298834533180693e-01 -5.558673323087327534e-01
3.656872709105091906e-02 -1.564077090845248097e-01 -5.546083944972789448e-01
5.213233103982743005e-02 -1.863301792959733694e-01 -5.545573458465762329e-01
9.405308706345265335e-02 -1.809475261165717219e-01 -5.567120716679164749e-01
8.344417585051144837e-02 -1.508291038854596977e-01 -5.565020484034808312e-01
3.657155277837646074e-02 -1.529721767312834102e-01 -5.542399620913941449e-01
4.668307705852847711e-02 -1.858224186095020214e-01 -5.547556754309078686e-01
9.406102073559981236e-02 -1.846882813197811835e-01 -5.563480995406906437e-01
8.889423847243692334e-02 -1.513398680202674984e-01 -5.561907445356992774e-01
3.657448485333352622e-02 -1.495364856015173327e-01 -5.538566042271941825e-01
4.173949451438333652e-02 -1.851169293229475432e-01 -5.543509829521618970e-01
9.405670569262830627e-02 -1.881250574710724710e-01 -5.565761663170970541e-01
2.317886999181909824e-01 -1.181120778668052346e-01 -5.625616795592484065e-01
1.783298621835987252e-01 -1.137936135039867985e-01 -5.607199022655197096e-01
1.783520988757622272e-01 -1.788545141912967484e-01 -5.607634938807789515e-01
2.318210625441985695e-01 -1.850761303044921868e-01 -5.626212833344477193e-01
1.832799559152630542e-01 -1.143017732450202079e-01 -5.604366484219831523e-01
1.783664349403360494e-01 -1.729884367253599620e-01 -5.603811488759306014e-01
2.266826125695469707e-01 -1.843716563733865665e-01 -5.623363371919324338e-01
2.317933174685517794e-01 -1.242706544065711460e-01 -5.625389858492694239e-01
1.879257385833569272e-01 -1.147939781971012985e-01 -5.606982098165336215e-01
1.783508447590400614e-01 -1.670317204490898155e-01 -5.606910257663674235e-01
2.218318397615273996e-01 -1.838926365865418133e-01 -5.619113402017013037e-01
2.317829477023942708e-01 -1.301392650768893322e-01 -5.627710653681853303e-01
1.925557348166436478e-01 -1.149962210291669840e-01 -5.612732410467065058e-01
1.783520841840332549e-01 -1.613723083676542602e-01 -5.606137404543735103e-01
2.168957661582261998e-01 -1.831747636549597158e-01 -5.618976279732601498e-01
2.317991383540246586e-01 -1.360865733878369732e-01 -5.625476001414679850e-01
1.975059297745287157e-01 -1.155043539311867012e-01 -5.609948985360369011e-01
1.783495211854640439e-01 -1.552092744791468415e-01 -5.606201923560912848e-01
2.119467581680794244e-01 -1.826644610245211908e-01 -5.621294789951808424e-01
2.318038916910887814e-01 -1.422460291835292157e-01 -5.625225742714897725e-01
2.021355301221893497e-01 -1.157071566909498445e-01 -5.615366564137870276e-01
1.783506914195709947e-01 -1.495498694224558778e-01 -5.605445332550701432e-01
2.071069938803598853e-01 -1.819783417165689865e-01 -5.614386254045121705e-01
2.318087003462727391e-01 -1.484058258630091554e-01 -5.624965996662847356e-01
2.070858615600546238e-01 -1.162153348970452194e-01 -5.612609298880379960e-01
1.783480760681789845e-01 -1.433871468781241776e-01 -5.605522041335438965e-01
2.021580218213955282e-01 -1.814681007327117179e-01 -5.616712304881913420e-01
2.318135545139201892e-01 -1.545659609091925291e-01 -5.624698448165915687e-01
2.119136085266617453e-01 -1.164066221030928411e-01 -5.621623737200653892e-01
1.783491354542404150e-01 -1.377277290505667662e-01 -5.604791395565777989e-01
1.975252071516782892e-01 -1.812724291445653446e-01 -5.611804176450573278e-01
2.318184450327483714e-01 -1.607264312563689013e-01 -5.624424671401145881e-01
2.168640823925734318e-01 -1.169149866717981018e-01 -5.618845869097643941e-01
1.783339382074132784e-01 -1.317752972687470381e-01 -5.607798753183163010e-01
1.925895798537024528e-01 -1.805557211354945346e-01 -5.611317802219945028e-01
2.318066822485267409e-01 -1.665934149567167843e-01 -5.626984432677196724e-01
2.218144911722199075e-01 -1.174230393600214362e-01 -5.616166797823979318e-01
1.783314100949761616e-01 -1.256136813037941891e-01 -5.607855182319148035e-01
1.879389757607688172e-01 -1.800632456521639724e-01 -5.609796093586632004e-01
2.318114417636817359e-01 -1.727539876115236628e-01 -5.626733033713813281e-01
2.266407784037753059e-01 -1.176154063422492346e-01 -5.624628323954709019e-01
1.783324312260127220e-01 -1.199549003410068093e-01 -5.607133065866635180e-01
1.833007463027373773e-01 -1.793643298197014346e-01 -5.605334985620602506e-01
2.318162378396055601e-01 -1.789148939811740502e-01 -5.626475379698786528e-01
1.166106893305409176e-01 1.419317425086094597e-01 -5.584472669939293255e-01
7.131058495676391440e-02 1.376137421530543581e-01 -5.571350083002039044e-01
7.131847951224239146e-02 7.846572229623570427e-02 -5.568028835477968341e-01
1.166348539337037499e-01 8.087214835534642376e-02 -5.579570761213239471e-01
7.525235517030348653e-02 1.381147372152856379e-01 -5.570309854735352451e-01
7.131034036408248622e-02 8.361804662044823588e-02 -5.573096196043609840e-01
1.123948086950081748e-01 8.035901144947914243e-02 -5.587968862097374423e-01
1.166158723646221473e-01 1.362803537642526541e-01 -5.582910355957075854e-01
7.919406420255886703e-02 1.386153859624677520e-01 -5.569380188396969578e-01
7.131712821391572588e-02 8.906585662818085336e-02 -5.568583766858171691e-01
1.082541098662990614e-01 8.037339879509622365e-02 -5.580596741143653006e-01
1.166087286417361729e-01 1.308349501470803533e-01 -5.585973100222393350e-01
8.340881347905368393e-02 1.388281866017007093e-01 -5.571488889295546088e-01
7.132372757571166233e-02 9.451415076953655070e-02 -5.564193254936653510e-01
1.038100847765925649e-01 7.987135644386389455e-02 -5.582752676955999860e-01
1.166139842153890854e-01 1.251830957180504467e-01 -5.584383299867615724e-01
8.756473528349731361e-02 1.393179121266222009e-01 -5.574033902478329194e-01
7.131580165583679964e-02 9.966507394802585906e-02 -5.569122610558200348e-01
9.987290881541570353e-02 7.987419536683285082e-02 -5.581870937724223714e-01
1.166192937904048793e-01 1.195306254655849748e-01 -5.582773181657557648e-01
9.149169151450821380e-02 1.395178379382293887e-01 -5.580126494196843145e-01
7.131101299613105959e-02 1.053186854181880489e-01 -5.572025995059451953e-01
9.544408491399539174e-02 7.966306213158005911e-02 -5.577145995235275322e-01
1.166121569005467429e-01 1.140858967339453828e-01 -5.585833988220638702e-01
9.543249401346397265e-02 1.400185508021482284e-01 -5.579195598862116690e-01
7.131734941541992279e-02 1.107674572752423287e-01 -5.567804157633146067e-01
9.150347637880898444e-02 7.916398001822087804e-02 -5.577535150725121404e-01
1.166175272072861174e-01 1.084329195301130255e-01 -5.584200776410166434e-01
9.987502631893604987e-02 1.405218198891780013e-01 -5.577386169155040818e-01
7.132342331637966937e-02 1.162164758456656205e-01 -5.563751290965708307e-01
8.756578366795363111e-02 7.916718158333764521e-02 -5.576412655931950457e-01
1.166228977117260840e-01 1.027792585916481594e-01 -5.582567460211436128e-01
1.038007676602489132e-01 1.407228346021463239e-01 -5.582986728253255260e-01
7.131604350451663243e-02 1.213652568534519249e-01 -5.568329632527664330e-01
8.343129765392563735e-02 7.897198382661060889e-02 -5.561766081825409991e-01
1.166159570419281755e-01 9.733535358524889047e-02 -5.585555227880250051e-01
1.082432179254039090e-01 1.412263140691229768e-01 -5.581134472591323670e-01
7.132187425141020554e-02 1.268144623992628894e-01 -5.564432790093369885e-01
7.918346689201809230e-02 7.866784245958194366e-02 -5.577777813012788632e-01
1.166213625169160578e-01 9.168113632610454256e-02 -5.583908447722227830e-01
1.123944141574356875e-01 1.417143551653400335e-01 -5.584112910994660783e-01
7.131739301133718789e-02 1.324666862534638889e-01 -5.567138454219167087e-01
7.525723542850773495e-02 7.846209206942889036e-02 -5.569445606280322147e-01
1.166266836239656379e-01 8.602617039908919128e-02 -5.582293342582087536e-01
1.336847728880393230e-02 1.559055868336831074e-01 -5.568071840455327548e-01
-3.972596752851618312e-02 1.498888825851534268e-01 -5.549169548645879191e-01
-3.973343070806553690e-02 1.205145803157153944e-01 -5.550155067517739127e-01
1.336416925519262611e-02 1.253244703320543774e-01 -5.569959278987831608e-01
-3.500419761868253654e-02 1.503848947782142897e-01 -5.549621684179741887e-01
-3.973445878587503893e-02 1.232403715813879669e-01 -5.548230293701031934e-01
8.422837482563142950e-03 1.248198429078167665e-01 -5.572498479985283915e-01
1.336768689164245100e-02 1.531794144617011910e-01 -5.570158391569726142e-01
-3.055634390621663615e-02 1.510879518780608166e-01 -5.554743930784622474e-01
-3.973542676766530363e-02 1.259661411703064393e-01 -5.546369527397266852e-01
3.260810113066447101e-03 1.243164242874855718e-01 -5.574642939672482811e-01
1.336838921435286320e-02 1.502560854005381141e-01 -5.565079215673929269e-01
-2.561440327185609406e-02 1.515903068198983517e-01 -5.553199818171367097e-01
-3.973633719738821346e-02 1.286918868397585736e-01 -5.544570061717121190e-01
-1.682400307751361632e-03 1.239231679243994189e-01 -5.557104637418310844e-01
1.336759419567222322e-02 1.475299131362916849e-01 -5.567187585254056437e-01
-2.095059555645637644e-02 1.520972571640736293e-01 -5.550271622826007389e-01
-3.972828394996076595e-02 1.311135665293425845e-01 -5.552414349260236248e-01
-6.624541436900434517e-03 1.234196200039289759e-01 -5.559321376897218281e-01
1.336678293467225345e-02 1.448036617991609321e-01 -5.569372602318980459e-01
-1.600101890087484227e-02 1.524904333829611991e-01 -5.564803934774499306e-01
-3.972924147624294633e-02 1.338393394784508639e-01 -5.550564650290535917e-01
-1.128792979610668615e-02 1.229136545922816237e-01 -5.562415980114452374e-01
1.336595452000123065e-02 1.420773292582430125e-01 -5.571638569965569054e-01
-1.128133137459519722e-02 1.529913807796873804e-01 -5.563755706403790136e-01
-3.973014384596226800e-02 1.365650825710153227e-01 -5.548773708024329343e-01
-1.601286325704584165e-02 1.227200938841407907e-01 -5.552402257537336627e-01
1.336673657970860463e-02 1.391538334645153197e-01 -5.566182799042936891e-01
-6.618411734464077489e-03 1.534967175838841680e-01 -5.561382819743424522e-01
-3.973099337577958717e-02 1.392907943133695481e-01 -5.547039056554374792e-01
-2.095537482277178704e-02 1.222178437234877763e-01 -5.554154701565676699e-01
1.336590244689096936e-02 1.364275078943105179e-01 -5.568475768039461427e-01
-1.675841118530905106e-03 1.541974463376086235e-01 -5.566697740485175849e-01
-3.973179228194168716e-02 1.420164733829069326e-01 -5.545358336713874792e-01
-2.561838021843555746e-02 1.217099367000614579e-01 -5.558037414418879330e-01
1.336504920335305178e-02 1.337011006802938107e-01 -5.570858930482192051e-01
3.265242848998949066e-03 1.547013470275422076e-01 -5.564748745940608643e-01
-3.973254268242456394e-02 1.447421186083154288e-01 -5.543729293819594783e-01
-3.056012545251646575e-02 1.212077212032235812e-01 -5.559767717057264580e-01
1.336590925919478763e-02 1.307773407158379919e-01 -5.565034724198272276e-01
8.427462880767302988e-03 1.554014198541588954e-01 -5.570077320607675908e-01
-3.972517795745537927e-02 1.471632171112031984e-01 -5.550840370358109954e-01
-3.501063473583198443e-02 1.210092530566926061e-01 -5.551382586322265444e-01
1.336504996504533395e-02 1.280509464506112971e-01 -5.567446461527090218e-01
-9.248733675646314545e-02 -1.255869689508081477e-01 -5.534467683602041221e-01
-1.416120165746055370e-01 -1.207525749035598117e-01 -5.511721344645251763e-01
-1.416277462665580800e-01 -1.655544263414460149e-01 -5.515237959943701807e-01
-9.250676632883517159e-02 -1.721001154200020589e-01 -5.535012646251924462e-01
-1.373759942655684296e-01 -1.212454059555502367e-01 -5.514496863731743748e-01
-1.416304468795205329e-01 -1.616067925250019022e-01 -5.513558539638544476e-01
-9.723793124074686656e-02 -1.716077696477057990e-01 -5.533092852825707286e-01
-9.248809580904696070e-02 -1.300360377895072861e-01 -5.535046760268155230e-01
-1.329288931827471432e-01 -1.217503258034170061e-01 -5.512679718760580272e-01
-1.416331837594123344e-01 -1.576589585300897101e-01 -5.511867063280448953e-01
-1.016959464787907524e-01 -1.708970805465978571e-01 -5.529682583034993826e-01
-9.248589892448452754e-02 -1.339806781934275992e-01 -5.536935663584896528e-01
-1.286789774173538736e-01 -1.219534939256437384e-01 -5.520596544492036850e-01
-1.416215103544466447e-01 -1.534193597401392883e-01 -5.514947702548215203e-01
-1.061434929358693185e-01 -1.703918555478016461e-01 -5.531113254662141099e-01
-9.248673325951722868e-02 -1.384297211147998141e-01 -5.537478573932086423e-01
-1.242322272955551782e-01 -1.224583761025866274e-01 -5.518822292730507506e-01
-1.416242718708197179e-01 -1.494716297534510185e-01 -5.513247662564204621e-01
-1.106019142828130325e-01 -1.696799656779573173e-01 -5.527947251524736316e-01
-9.249883052446351839e-02 -1.426726188045940868e-01 -5.532580084574258983e-01
-1.197735435843349378e-01 -1.231753371459838597e-01 -5.521595709170127320e-01
-1.416125743819362792e-01 -1.452327341614827183e-01 -5.516337443868923884e-01
-1.153352563376265627e-01 -1.691887125166905981e-01 -5.525673803948846219e-01
-9.249669733174066544e-02 -1.466174313652219008e-01 -5.534438242339764225e-01
-1.153118392289159133e-01 -1.233877799822758886e-01 -5.525729801427446963e-01
-1.416269375426555122e-01 -1.410723095479837208e-01 -5.510706650990705446e-01
-1.197943701327851274e-01 -1.684757291332290574e-01 -5.522680556163687138e-01
-9.249749483905767011e-02 -1.510668613230688739e-01 -5.534998877040558929e-01
-1.105752591364252552e-01 -1.238771105209516138e-01 -5.529578852594297933e-01
-1.416297301596974034e-01 -1.371239711855980759e-01 -5.508996388090013907e-01
-1.242423442395652472e-01 -1.679705745962422059e-01 -5.524122161790184782e-01
-9.250914643591780229e-02 -1.553106821577860119e-01 -5.530314978141560589e-01
-1.061289188715609233e-01 -1.243819840973038326e-01 -5.527860688839988379e-01
-1.416180544301174071e-01 -1.328861147671038523e-01 -5.512077928479515165e-01
-1.287016469075043246e-01 -1.672564500110572672e-01 -5.521375493374239829e-01
-9.249638620919746479e-02 -1.594609496260209480e-01 -5.537308752633145481e-01
-1.016824559436409342e-01 -1.248870448696683400e-01 -5.526073042530699198e-01
-1.416208425934696036e-01 -1.289378450424941425e-01 -5.510368781053329723e-01
-1.329344331827581882e-01 -1.667629580436645054e-01 -5.519620555964546149e-01
-9.250784041945667169e-02 -1.637054550063795633e-01 -5.532719412473494636e-01
-9.722124456777200829e-02 -1.250968029272998550e-01 -5.530991477232624076e-01
-1.416236045173511482e-01 -1.249893046545547393e-01 -5.508668536014964534e-01
-1.373941503504790551e-01 -1.660477621815491245e-01 -5.517065139067056645e-01
-9.249550870566682070e-02 -1.678549563216374385e-01 -5.539507789697515339e-01
1.062457329462388189e-01 -9.766695317035669135e-03 -5.682158333649225401e-01
6.047747673106225463e-02 -9.556017569598031919e-03 -5.651285048607997963e-01
6.046687482200584218e-02 -7.759381430083017728e-02 -5.659039253320917728e-01
1.062522209675819534e-01 -8.018703171469976354e-02 -5.683797470504444727e-01
6.441404682310179763e-02 -9.557201459284585601e-03 -5.649691114068632336e-01
6.046274093612356154e-02 -7.143505608161566933e-02 -5.661702503370812378e-01
1.018258142670797617e-01 -7.997491166387636630e-02 -5.682194624187979493e-01
1.062494020876333239e-01 -1.641404909666239684e-02 -5.681254009082921108e-01
6.854106634162454581e-02 -9.552477425765678112e-03 -5.663611719292916957e-01
6.047197138522361626e-02 -6.507711722210612892e-02 -5.655531834689924153e-01
9.768794311106526740e-02 -7.948299222733790081e-02 -5.678658024855391950e-01
1.062475435059864332e-01 -2.277640593731878813e-02 -5.682249868994175834e-01
7.247758690876601739e-02 -9.553849277436535226e-03 -5.661526473659294068e-01
6.046791523405489754e-02 -5.891932419920629244e-02 -5.658143159426127777e-01
9.355322417207358188e-02 -7.949520372491074294e-02 -5.673413755422651583e-01
1.062516277914115626e-01 -2.892475983767495498e-02 -5.681168825653187815e-01
7.660336719051562271e-02 -9.549915511730761031e-03 -5.673380844728266315e-01
6.046395165510758118e-02 -5.276264145868558852e-02 -5.660692631910630990e-01
8.912732328484984645e-02 -7.928478720262135959e-02 -5.670794420901832389e-01
1.062482259981408911e-01 -3.528666530278110058e-02 -5.682704422741142736e-01
8.104469438538164372e-02 -9.768877758658268615e-03 -5.668666854903526842e-01
6.046026818135533110e-02 -4.660721916635133383e-02 -5.663056143535992737e-01
8.497263654012301992e-02 -7.899513224036489034e-02 -5.673363168372631549e-01
1.062566837920680823e-01 -4.193775208886090650e-02 -5.680125940253444305e-01
8.498129467380433066e-02 -9.770360943841647702e-03 -5.666557877044824387e-01
6.046973320769163940e-02 -4.024670310068945156e-02 -5.656732741047509894e-01
8.105134747363247627e-02 -7.879061267296687265e-02 -5.668153032993167306e-01
1.062523139843156023e-01 -4.829933738483058875e-02 -5.681999853640380405e-01
8.910657092683631209e-02 -9.766675913204824963e-03 -5.676458822954590921e-01
6.048189128857956592e-02 -3.438578659377666824e-02 -5.648641930017088697e-01
7.660780126206094554e-02 -7.827831262847752269e-02 -5.673462991011486434e-01
1.062469695238812545e-01 -5.465985068108607930e-02 -5.684215442813417285e-01
9.355164747138230985e-02 -9.769818534343799668e-03 -5.670684324512038632e-01
6.047814174262930442e-02 -2.823050967148820617e-02 -5.651048919230625689e-01
7.246931641081247322e-02 -7.829087131146098000e-02 -5.667945359648692838e-01
1.062533564020824578e-01 -6.081155758607125622e-02 -5.682328594538850197e-01
9.767636436769952524e-02 -9.766577819553506901e-03 -5.679557878416928718e-01
6.047515578310636020e-02 -2.207655525392644355e-02 -5.652950041491481281e-01
6.854781268899452773e-02 -7.808876531768303708e-02 -5.661409749366005384e-01
1.062473128479581586e-01 -6.717122471944643458e-02 -5.684789017700238034e-01
1.018003224855073691e-01 -9.763646492784452957e-03 -5.687715939579430779e-01
6.048020105370348343e-02 -1.570899439284569044e-02 -5.649557742407453897e-01
6.438931750965239120e-02 -7.779455811933191911e-02 -5.666229205375675759e-01
1.062585990426299504e-01 -7.382777173104398960e-02 -5.681220039965700908e-01
-7.543860443971368845e-02 1.611201227953607817e-01 -5.632876957058009504e-01
-1.300033587551255865e-01 1.545213612413245119e-01 -5.600678406436693235e-01
-1.300189046397680626e-01 1.086986036485930590e-01 -5.603754977221413469e-01
-7.546024273545245964e-02 1.131972559788272520e-01 -5.631597884564666368e-01
-1.250483382830711310e-01 1.552218471347851791e-01 -5.605207789462852697e-01
-1.300023264908329035e-01 1.128447783679293742e-01 -5.608083146648334960e-01
-8.091901730836087436e-02 1.130090308859323378e-01 -5.621327242378846289e-01
-7.545106682688282329e-02 1.569890171881457297e-01 -5.627571091996159680e-01
-1.204008560615126289e-01 1.557338892182979218e-01 -5.601224386913681297e-01
-1.300164436745930296e-01 1.170762089130599481e-01 -5.603076878884679646e-01
-8.585896609926461920e-02 1.125134798160871974e-01 -5.620487146274346646e-01
-7.544914393985001355e-02 1.525484171621060148e-01 -5.629378346106699293e-01
-1.154466373041318494e-01 1.564333093403137975e-01 -5.605963098655117882e-01
-1.300134666680069218e-01 1.210134513401297657e-01 -5.603310818404222404e-01
-9.100744981076118456e-02 1.120057899129801582e-01 -5.624149281740612460e-01
-7.544709258495098381e-02 1.481078299039544355e-01 -5.631248565933454353e-01
-1.105062722719417079e-01 1.569295974431956509e-01 -5.606237103618267881e-01
-1.300139810860250489e-01 1.254536620065964114e-01 -5.602399222023762837e-01
-9.596603466875432142e-02 1.118112491565060179e-01 -5.615834126479331001e-01
-7.544490977268331067e-02 1.436672690972803645e-01 -5.633183212319208266e-01
-1.055369581244267052e-01 1.573244931400564761e-01 -5.617150118624447686e-01
-1.300109898418825571e-01 1.293907130160580898e-01 -5.602637518323714261e-01
-1.009078022277151571e-01 1.113162906620484977e-01 -5.614746275322850533e-01
-7.545815364332135455e-02 1.395346795927618622e-01 -5.627494958695373750e-01
-1.008765528804655698e-01 1.580363946665825914e-01 -5.618287135701077739e-01
-1.300114951186819578e-01 1.338309419949314516e-01 -5.601728630149558352e-01
-1.055664783109011018e-01 1.105993643074446725e-01 -5.614687737530495992e-01
-7.545597659245570354e-02 1.350940048089217249e-01 -5.629426692870872495e-01
-9.593761672987449751e-02 1.585322457422282671e-01 -5.618651850624086785e-01
-1.300084891728196246e-01 1.377677986854234093e-01 -5.601971427271629222e-01
-1.105265557796463877e-01 1.104010617417582885e-01 -5.607318927348756699e-01
-7.545366460722240098e-02 1.306533859057315283e-01 -5.631424536133030623e-01
-9.098698467595679740e-02 1.592275681389152264e-01 -5.623950527050430859e-01
-1.299917591247733983e-01 1.419103014565266663e-01 -5.606347189502433048e-01
-1.154696177214783043e-01 1.099057286130647321e-01 -5.606320476826528454e-01
-7.546757274042073527e-02 1.265192026374158396e-01 -5.625411665350728008e-01
-8.583703614623643119e-02 1.597351979308172243e-01 -5.621265268058718290e-01
-1.300059491966300829e-01 1.461446879136434618e-01 -5.601317256121557397e-01
-1.204133672730940130e-01 1.094107062062429220e-01 -5.605198390006825848e-01
-7.546526424399610522e-02 1.220784550383248873e-01 -5.627407708763505489e-01
-8.088798419323316169e-02 1.604296372340754118e-01 -5.626678164784242320e-01
-1.299892924482506373e-01 1.502862762385918094e-01 -5.605671045630282734e-01
-1.250746509604904189e-01 1.091938079746264945e-01 -5.604835783215609268e-01
-7.546282002660874288e-02 1.176377982918782178e-01 -5.629470218378586077e-01
1.205558603335533385e-01 -7.304281220595229551e-02 -5.743640170094878039e-01
4.389364692537307128e-02 -6.905786384438764025e-02 -5.705336108429860387e-01
4.389218043079839982e-02 -1.232429632690685561e-01 -5.705092313783822755e-01
1.205559474821822075e-01 -1.299998592379754681e-01 -5.746936435013302313e-01
5.073884653977914910e-02 -6.925060058529108886e-02 -5.715521767664802910e-01
4.388383256841062174e-02 -1.182840336222265726e-01 -5.712412712814588511e-01
1.132076916457472465e-01 -1.292898540283342890e-01 -5.746374387697398278e-01
1.205583704772117959e-01 -7.818345061017017983e-02 -5.743235963677437717e-01
5.730005103811758316e-02 -6.973746880483720767e-02 -5.721689497910970035e-01
4.388429639657029369e-02 -1.131385380656734080e-01 -5.712156505536668538e-01
1.061638797546597401e-01 -1.286025983188248401e-01 -5.740139982040419753e-01
1.205610039710431347e-01 -8.332446708139684688e-02 -5.742797100399207322e-01
6.414077646573373981e-02 -6.993346542643806563e-02 -5.729808338603186169e-01
4.388795048749987576e-02 -1.085024665743916789e-01 -5.709141308303281592e-01
9.881569129879763658e-02 -1.278949635769247029e-01 -5.738873715225542016e-01
1.205637339767683253e-01 -8.846585586294247738e-02 -5.742331114526481040e-01
7.100125038271043465e-02 -7.044131493285817058e-02 -5.726421902114749996e-01
4.388856795281304707e-02 -1.033571302779974083e-01 -5.708752966643663163e-01
9.175421088210942988e-02 -1.274012780102982967e-01 -5.737385679794300142e-01
1.205665363189824812e-01 -9.360760890691625924e-02 -5.741844793280500570e-01
7.784182564554671668e-02 -7.064119937708820962e-02 -5.732547473872710020e-01
4.389259069560198789e-02 -9.872087368913015637e-02 -5.705420858949339369e-01
8.470474615225054293e-02 -1.267153456607554851e-01 -5.730526139467997382e-01
1.205693895221341266e-01 -9.874971646747437992e-02 -5.741344166354228618e-01
8.470250900804351946e-02 -7.114896292030972735e-02 -5.729263309550500782e-01
4.388268888614052510e-02 -9.376398096243732105e-02 -5.714077210712281696e-01
7.785794240024072888e-02 -1.260153173451997455e-01 -5.727113952038531686e-01
1.205569917347703301e-01 -1.040908833092006741e-01 -5.745132795479795940e-01
9.175810775968638866e-02 -7.163964559762932283e-02 -5.733463217458956152e-01
4.388314641427545210e-02 -8.861932077080754422e-02 -5.713826240871056061e-01
7.099773320651088515e-02 -1.255059814886564096e-01 -5.729606845739214638e-01
1.205598114769357299e-01 -1.092329772162449752e-01 -5.744641531317145056e-01
9.879128805061579421e-02 -7.182726989864901546e-02 -5.744552903433638447e-01
4.388739240553286847e-02 -8.398341263724194705e-02 -5.710302055790459352e-01
6.415002598983660098e-02 -1.248077692995589738e-01 -5.725655143564756244e-01
1.205626684700408513e-01 -1.143754203723802848e-01 -5.744139790666867862e-01
1.061576100242220683e-01 -7.233995897335630809e-02 -5.739215094421623586e-01
4.388805231617383396e-02 -7.883884713097026598e-02 -5.709877061699222267e-01
5.730129430722055023e-02 -1.241108335966630977e-01 -5.721256262498883860e-01
1.205655469422072107e-01 -1.195182007372345284e-01 -5.743632002190701691e-01
1.131890479092429735e-01 -7.253032486585864191e-02 -5.748790817274178622e-01
4.389275582597975539e-02 -7.420247154557027547e-02 -5.705959775438874670e-01
5.073247958733046598e-02 -1.236167463182657605e-01 -5.719757062425363525e-01
1.205684333689751586e-01 -1.246613060949764290e-01 -5.743121963743729186e-01
-2.838592124537022213e-02 1.483965770534279860e-01 -5.685385824604033411e-01
-9.085297779617215741e-02 1.415291397293139131e-01 -5.655830709288833802e-01
-9.089873011973538530e-02 1.015838888338422563e-01 -5.644594161556378831e-01
-2.839125414486444801e-02 1.064476964624499894e-01 -5.691429366951642477e-01
-8.541418174704255850e-02 1.420194399418978903e-01 -5.657722951247237120e-01
-9.087965826328153751e-02 1.052168374695078151e-01 -5.651601494530599235e-01
-3.455695116225759173e-02 1.060741515344366531e-01 -5.671696801142346311e-01
-2.838542297504958664e-02 1.444617705104644378e-01 -5.687076754470385964e-01
-7.975412370343505641e-02 1.427185555863330069e-01 -5.661726887173622602e-01
-9.087521930867248354e-02 1.086468348353301916e-01 -5.652771292237767087e-01
-4.020256471094518780e-02 1.055699961802376019e-01 -5.674070176559201650e-01
-2.839325718252260974e-02 1.408472039626219030e-01 -5.679295982339951365e-01
-7.431759496726328407e-02 1.432103610555296447e-01 -5.663184306973992888e-01
-9.087488574799508501e-02 1.125812756093295397e-01 -5.652202680212220498e-01
-4.605885890764761792e-02 1.050562346965597665e-01 -5.679951117472040734e-01
-2.839283047710712549e-02 1.369123225116395670e-01 -5.680906378003002244e-01
-6.895017506800539542e-02 1.439229429253417458e-01 -5.663501759976615757e-01
-9.087051955321619190e-02 1.160109099019767942e-01 -5.653343422690432218e-01
-5.170304946346727243e-02 1.045526748436105408e-01 -5.682099788007168861e-01
-2.839232909097477719e-02 1.329773692479717939e-01 -5.682600842848342104e-01
-6.329226691490329182e-02 1.446192411322258786e-01 -5.668047977656273106e-01
-9.088436729557267113e-02 1.197451135644796300e-01 -5.647116504649064561e-01
-5.767043453370140210e-02 1.041819944175181589e-01 -5.660141937730067685e-01
-2.839383262377388750e-02 1.295506487242761573e-01 -5.681892482913217801e-01
-5.764600115330527352e-02 1.451223583735616052e-01 -5.666457516969599650e-01
-9.086592264855559986e-02 1.233745547850494534e-01 -5.653874365816081715e-01
-6.331756246517195041e-02 1.036789361212768490e-01 -5.662174419744768761e-01
-2.839323182490979813e-02 1.256155794543726556e-01 -5.683698858170483925e-01
-5.170159866276569788e-02 1.458054714137003993e-01 -5.674283048779081851e-01
-9.087954389514997511e-02 1.271095232651003881e-01 -5.647737818421196820e-01
-6.896466290210125083e-02 1.031764668263488588e-01 -5.663981838866966045e-01
-2.839254089255959998e-02 1.216804459649099140e-01 -5.685606686092955497e-01
-4.604747836716320541e-02 1.465004070681821813e-01 -5.678908092175890543e-01
-9.087521912321822048e-02 1.305389556930596495e-01 -5.648861810617231693e-01
-7.433347853198174482e-02 1.029638897318552321e-01 -5.663207808788669473e-01
-2.839175231208030531e-02 1.177452519067454795e-01 -5.687624419813501753e-01
-4.018934936311634870e-02 1.470124064370517403e-01 -5.675045567812204705e-01
-9.087479473615274472e-02 1.344734539463820766e-01 -5.648329488240746432e-01
-7.977431021175390713e-02 1.024742170543907205e-01 -5.660110864630706340e-01
-2.840104693244979023e-02 1.141292758393101375e-01 -5.678200609244798969e-01
-3.453695740940137399e-02 1.477058145187079841e-01 -5.679978261974280018e-01
-9.087054834478092147e-02 1.379025574385939479e-01 -5.649422150991968428e-01
-8.542167637321228246e-02 1.019721842721835886e-01 -5.661773149525051174e-01
-2.840036237128664223e-02 1.101940030683093708e-01 -5.680101292810735281e-01
2.298631664511216824e-02 -1.303504867274031254e-01 -5.767097642748800768e-01
-3.204699632650200025e-02 -1.251836986028928844e-01 -5.741147428503832195e-01
-3.207556526088186505e-02 -2.023972370286266087e-01 -5.733487716523484323e-01
2.297955230832327000e-02 -2.110260542290544050e-01 -5.765500021327083502e-01
-2.740853895416505911e-02 -1.256953997108114229e-01 -5.738162342948162076e-01
-3.207329195462334248e-02 -1.955324583800887583e-01 -5.733911694968788497e-01
1.784213580195717283e-02 -2.098222668266084279e-01 -5.764286479133335916e-01
2.298864365812817306e-02 -1.377248491762008975e-01 -5.762138661934239625e-01
-2.248088863582813068e-02 -1.261990872809848618e-01 -5.737193576265500194e-01
-3.206341720805773454e-02 -1.883390168826366284e-01 -5.741574558512643200e-01
1.270479179984313964e-02 -2.091311251542014582e-01 -5.761236350242371351e-01
2.299067463032131858e-02 -1.450992867733485181e-01 -5.757663348349955079e-01
-1.733396650237708711e-02 -1.263801784476946688e-01 -5.745181546076086887e-01
-3.206652346553891947e-02 -1.812925100370848530e-01 -5.736768999465030605e-01
7.566460420107734737e-03 -2.084402676138136790e-01 -5.758094557334552110e-01
2.298290306790490289e-02 -1.523214972719759419e-01 -5.769230607417049628e-01
-1.269133624973604532e-02 -1.270732332262189124e-01 -5.750111789136231888e-01
-3.206405460228267668e-02 -1.744285212027564813e-01 -5.737381647337003177e-01
2.427100277076222386e-03 -2.077496199686565126e-01 -5.754870298060634770e-01
2.298487324331139475e-02 -1.596969170301869856e-01 -5.764854412146627194e-01
-7.552657379262009765e-03 -1.275845209770163635e-01 -5.747280039175043376e-01
-3.206770346836485680e-02 -1.673821086149909487e-01 -5.732053287019048815e-01
-2.425724946770140781e-03 -2.070583534382957058e-01 -5.751670039293791392e-01
2.298661282618515850e-02 -1.670724104916528063e-01 -5.760854976863973853e-01
-2.413241853892143622e-03 -1.280962268358663558e-01 -5.744343000436279434e-01
-3.206536198913877839e-02 -1.605186527907970229e-01 -5.732543327227070940e-01
-7.567335047347470249e-03 -2.063668011396635471e-01 -5.748481224527213218e-01
2.298334175047585248e-02 -1.741158049436601074e-01 -5.765095914426152657e-01
2.439692121347787103e-03 -1.284553698022862511e-01 -5.760425254471108758e-01
-3.206053483018012767e-02 -1.531444977720675393e-01 -5.735296852936248024e-01
-1.270663180087843944e-02 -2.053441045664830544e-01 -5.752029277662107365e-01
2.298144548888407177e-02 -1.816714833412837182e-01 -5.767009851339613968e-01
7.577951651292440423e-03 -1.289666105461131362e-01 -5.757666467864914761e-01
-3.205799041599552424e-02 -1.462816025484880711e-01 -5.735982630872792365e-01
-1.734896925767193121e-02 -2.046518749900547995e-01 -5.748897933002155014e-01
2.298294486222004704e-02 -1.890479829849879279e-01 -5.763402711366359954e-01
1.271697234749490264e-02 -1.294781969511710207e-01 -5.754822520787957751e-01
-3.205537665850275580e-02 -1.394189832045863997e-01 -5.736735324431690985e-01
-2.249273921326909453e-02 -2.039603261161860304e-01 -5.745629583111251382e-01
2.297999634041872005e-02 -1.960920657985124049e-01 -5.767116507996093988e-01
1.785315564474521804e-02 -1.301700116667963980e-01 -5.759723355676700240e-01
-3.206032765424381842e-02 -1.323734907051489773e-01 -5.730152383845562580e-01
-2.742944575325991299e-02 -2.030909034826883508e-01 -5.736620467136580581e-01
2.298133710096379734e-02 -2.034691457401506254e-01 -5.763768435257635714e-01
-1.279579749121302346e-01 1.194974504465466797e-01 -5.688565865276804523e-01
-1.849565487200826031e-01 1.143209723909576758e-01 -5.657067239657219693e-01
-1.849925246235266663e-01 7.061889388327627359e-02 -5.656287583828881749e-01
-1.279872097892581218e-01 7.390950542168721327e-02 -5.687583857910312179e-01
-1.799921126577618824e-01 1.145192327602315430e-01 -5.662744610139390788e-01
-1.849812006480698878e-01 7.476714022016754668e-02 -5.657925779083816664e-01
-1.331155301492609744e-01 7.361640682678645409e-02 -5.692864785846422082e-01
-1.279564103326913949e-01 1.155649130823547810e-01 -5.689587472164727711e-01
-1.750449270724447337e-01 1.150101858519376186e-01 -5.665076766961998356e-01
-1.849797238176822956e-01 7.870154041865248806e-02 -5.657647407381556359e-01
-1.385892050913346274e-01 7.342278349290025374e-02 -5.682443380527761878e-01
-1.279700226779184324e-01 1.114292435128203390e-01 -5.686531112393421461e-01
-1.698880811366400012e-01 1.157218512513839559e-01 -5.665990537424968609e-01
-1.849783351052519953e-01 8.263593867008080240e-02 -5.657351561107750726e-01
-1.439230290436994686e-01 7.290976470322470260e-02 -5.690155651872917941e-01
-1.279639374898838278e-01 1.069930207287403540e-01 -5.688852896945516546e-01
-1.649418278932193727e-01 1.162125275541897873e-01 -5.668367766843037669e-01
-1.849770278748433527e-01 8.657033736568504889e-02 -5.657039554614325949e-01
-1.493969208301441920e-01 7.271395100544987555e-02 -5.680545521460048652e-01
-1.279624525107250499e-01 1.030606293274465152e-01 -5.689852786596933942e-01
-1.594717019983182271e-01 1.164028097199507755e-01 -5.676198538249410674e-01
-1.849757955376499230e-01 9.050473839099118512e-02 -5.656712693060806929e-01
-1.543476849564467401e-01 7.222269152171097162e-02 -5.676727172528622800e-01
-1.279758210227777138e-01 9.892343002240559791e-02 -5.686863144582563478e-01
-1.543295408655057377e-01 1.169063399593992109e-01 -5.674309675216721027e-01
-1.849746315955107245e-01 9.443914315095132406e-02 -5.656372263783601140e-01
-1.595049504546068586e-01 7.201075790775166019e-02 -5.675294349527230109e-01
-1.279553512679434957e-01 9.469325122901105229e-02 -5.693047519454484950e-01
-1.493704257451020645e-01 1.176020919653572860e-01 -5.680159817412537837e-01
-1.849735296794604300e-01 9.837355259782731842e-02 -5.656019528648283945e-01
-1.649672111420705800e-01 7.202331332278863463e-02 -5.669316951749920896e-01
-1.279686164598796139e-01 9.055564924644608771e-02 -5.690085157933031379e-01
-1.439207514885590122e-01 1.180875791943248182e-01 -5.684050019814635979e-01
-1.849724835832915470e-01 1.023079672611233309e-01 -5.655655717389674875e-01
-1.699188396364789411e-01 7.153109057317154351e-02 -5.665911203273501506e-01
-1.279815489328912925e-01 8.641684337667293603e-02 -5.687214368816085885e-01
-1.385472118895111071e-01 1.185094589979122925e-01 -5.686308695362120025e-01
-1.849714872922067488e-01 1.062423872789144963e-01 -5.655282021925032154e-01
-1.750757189588553198e-01 7.131747591096042338e-02 -5.665068844370568790e-01
-1.279621860078936912e-01 8.218920396509085680e-02 -5.693097551102296316e-01
-1.330987555665532618e-01 1.189938354592413455e-01 -5.690412299713754063e-01
-1.849576724621216917e-01 1.103869048167680639e-01 -5.657415707674184890e-01
-1.800277885878075745e-01 7.082468419689325057e-02 -5.661877166835090902e-01
-1.279749479257710210e-01 7.804996385347520715e-02 -5.690272189897452870e-01
1.005651083886004160e-01 -2.156300447338736423e-02 -5.845942549950058353e-01
3.485313385550909554e-02 -2.037546387182372770e-02 -5.812206508513271253e-01
3.484745047879800328e-02 -1.075469449959119139e-01 -5.812840705498731886e-01
1.005729514444569928e-01 -1.128686823628477220e-01 -5.847742778292513988e-01
4.068749099488527116e-02 -2.037441709186334909e-02 -5.814320296097318375e-01
3.485732475003063685e-02 -9.981668687643788229e-02 -5.803963024924260194e-01
9.455761606122035923e-02 -1.121898961997200989e-01 -5.840609672596943636e-01
1.005641695613328224e-01 -2.980807504379664324e-02 -5.846585399820666273e-01
4.652128634966379989e-02 -2.037361359698036320e-02 -5.816141346862496730e-01
3.485418046403889608e-02 -9.175256120383053215e-02 -5.807359946371776216e-01
8.821314431350089913e-02 -1.116727771826881432e-01 -5.844906197586411389e-01
1.005619630326326647e-01 -3.805264443600627627e-02 -5.847600245794388751e-01
5.235917706188561449e-02 -2.087531488003015537e-02 -5.814979214688125175e-01
3.485050279542371149e-02 -8.368906805985666664e-02 -5.811258757692463472e-01
8.220091037228248465e-02 -1.115043561010455181e-01 -5.835102928801403355e-01
1.005587682560231122e-01 -4.629652424505174835e-02 -5.848905187438913078e-01
5.819194655083223533e-02 -2.087455586409850405e-02 -5.816739599496938418e-01
3.486251862293606590e-02 -7.595772558565000443e-02 -5.800366348676928574e-01
7.587250017244652478e-02 -1.108035877993540919e-01 -5.833216038635532508e-01
1.005548718294926869e-01 -5.453962872072617291e-02 -5.850416202183633674e-01
6.402448136183530591e-02 -2.087404456573804454e-02 -5.818202358533458574e-01
3.485870825714710436e-02 -6.789513516412329364e-02 -5.804389974650737694e-01
7.003294009993070446e-02 -1.102936838564233663e-01 -5.835768076066651933e-01
1.005725141056607458e-01 -6.308961750242730870e-02 -5.845636463312251507e-01
7.003498210609170049e-02 -2.086265451620119768e-02 -5.832759523753604514e-01
3.484067001264850444e-02 -6.001540425402866752e-02 -5.821795182633651144e-01
6.401361027515327373e-02 -1.101275508775924061e-01 -5.824995206536233150e-01
1.005689826580807855e-01 -7.133403683909661508e-02 -5.847040069627099657e-01
7.585767904700888020e-02 -2.106840699030499905e-02 -5.836476823195592134e-01
3.485448416528124510e-02 -5.228341018644804689e-02 -5.809211315168374412e-01
5.818635997875022670e-02 -1.094358818999376926e-01 -5.820529868453200306e-01
1.005650805330246256e-01 -7.957773136841622685e-02 -5.848552720118939119e-01
8.220228771968804415e-02 -2.107358861739817499e-02 -5.831470301110512899e-01
3.484887839424403305e-02 -4.422448668749654616e-02 -5.814922731639993181e-01
5.234522651433374391e-02 -1.089254832093811270e-01 -5.823269086940819905e-01
1.005609944721674726e-01 -8.782078024699339902e-02 -5.850119627887914175e-01
8.821058939046182157e-02 -2.106475819687972026e-02 -5.842295572776603496e-01
3.484282060690246235e-02 -3.616823949573653996e-02 -5.821057401891480687e-01
4.652070628147195880e-02 -1.087469842832641115e-01 -5.815307336073224365e-01
1.005568678850861514e-01 -9.606328344941844621e-02 -5.851698707182471093e-01
9.455521430524248261e-02 -2.106973273055500612e-02 -5.837523710923253617e-01
3.485868487923572678e-02 -2.842922663394957528e-02 -5.806550913332424457e-01
4.068959629814997148e-02 -1.080576717800231651e-01 -5.809948927254425799e-01
1.005770322298627367e-01 -1.046249265146630691e-01 -5.846177410237979322e-01
1.665059433851559523e-01 1.959082471632843936e-01 -5.940818271336626433e-01
6.469227146704777109e-02 1.831774716262249691e-01 -5.888973284495442329e-01
6.471605032884641950e-02 8.700131915413428230e-02 -5.880181260240155972e-01
1.665130701698968319e-01 9.328811149924357005e-02 -5.945710300045178309e-01
7.361974175676740118e-02 1.843679267183306048e-01 -5.890243471854663682e-01
6.470680014231811050e-02 9.592350749528659459e-02 -5.884114062816467872e-01
1.564110080703840222e-01 9.259513080937498142e-02 -5.944183949848447224e-01
1.664803906478372897e-01 1.866726215874958406e-01 -5.945316071994779517e-01
8.234635692008766827e-02 1.855710446144032966e-01 -5.889621783993428394e-01
6.471386447360948091e-02 1.046635204125147128e-01 -5.880831417345642187e-01
1.466455751586031309e-01 9.192699139961452159e-02 -5.935297308612927925e-01
1.664734973234549553e-01 1.772568841966799258e-01 -5.946934520088030807e-01
9.093257001838488118e-02 1.865789496704526318e-01 -5.904457568120493605e-01
6.469883827972379431e-02 1.130720014863712403e-01 -5.887328528026126717e-01
1.370534203562662756e-01 9.124388549185570574e-02 -5.930560791024444001e-01
1.664943214330281140e-01 1.681668122303618118e-01 -5.944239297281104228e-01
1.003559484682167435e-01 1.877760289019802520e-01 -5.904547869297585017e-01
6.470571907002072021e-02 1.218118683782747069e-01 -5.884127148456231859e-01
1.279531917113374273e-01 9.076111674828053755e-02 -5.926541030463345905e-01
1.664874320131694285e-01 1.587507761864769273e-01 -5.945857070125556421e-01
1.092754076698129739e-01 1.889666160573015286e-01 -5.905600488326278041e-01
6.469816062715476324e-02 1.307290393878242085e-01 -5.887310820578737225e-01
1.183566924327510983e-01 9.008014568773178854e-02 -5.920939247328204091e-01
1.664806158464486041e-01 1.493353623152320619e-01 -5.947463832613244517e-01
1.183471615060059934e-01 1.899839858549187688e-01 -5.918183840649133831e-01
6.470456931802795464e-02 1.394689640747486525e-01 -5.884318549139331278e-01
1.092930734946962190e-01 8.972470193128657956e-02 -5.905807741936627275e-01
1.664927053898694331e-01 1.397340089600621060e-01 -5.946151537371771045e-01
1.279416352221248443e-01 1.913442403627586830e-01 -5.923739656094317851e-01
6.471048495444615967e-02 1.482090479079300749e-01 -5.881544641151172925e-01
1.003655577668624149e-01 8.922713579029328823e-02 -5.906158109130269507e-01
1.665130747866769845e-01 1.306369729349828035e-01 -5.943526809864415617e-01
1.370452320084745157e-01 1.925193501911695859e-01 -5.926704923514499734e-01
6.470362138438537358e-02 1.571242992911907332e-01 -5.884420701858018576e-01
9.094660865144504891e-02 8.853332105729642965e-02 -5.903970594978754649e-01
1.665063696050822772e-01 1.212209383903913446e-01 -5.945116085382819993e-01
1.466070886100973025e-01 1.935497698973037972e-01 -5.936526002288544657e-01
6.470912465871309083e-02 1.658640858635047621e-01 -5.881829332819143996e-01
8.235342941855408605e-02 8.787424525480619364e-02 -5.890471675494101111e-01
1.665000739355159687e-01 1.118057110831708334e-01 -5.946642336317778943e-01
1.563983432210669378e-01 1.947157774866235258e-01 -5.940474398752718654e-01
6.471421475407534984e-02 1.746038039738633252e-01 -5.879420882660834069e-01
7.363441123495016727e-02 8.768207620131610036e-02 -5.887206757753464803e-01
1.664943821941373137e-01 1.023913423074888640e-01 -5.948075510664871945e-01
2.082124186087064566e-01 1.800864276496205729e-01 -5.983039514650542179e-01
1.053347098413940780e-01 1.685685135281673186e-01 -5.915525556896629178e-01
1.053189044168650751e-01 1.002016399438896144e-01 -5.922623475948569638e-01
2.082408014092994031e-01 1.071331286222364093e-01 -5.984172928280776516e-01
1.139131298765358458e-01 1.694028491658051416e-01 -5.926225596347785007e-01
1.053357593365406020e-01 1.065295448825531732e-01 -5.918026543564165465e-01
1.983169586023636466e-01 1.064747834035022073e-01 -5.975257830256093250e-01
2.082069897913243484e-01 1.735853460945846471e-01 -5.984082437939644006e-01
1.228259048933222075e-01 1.705956419613427477e-01 -5.926926247674443315e-01
1.053260838438205976e-01 1.125351615169418729e-01 -5.920234590013470077e-01
1.885606211816270861e-01 1.058019144467315653e-01 -5.969588379842861725e-01
2.082208672718080245e-01 1.668995178856791384e-01 -5.982851633547678905e-01
1.319005869833739797e-01 1.714398785315487950e-01 -5.935629914037359178e-01
1.053429074643120605e-01 1.188650770384805239e-01 -5.915646584455656054e-01
1.788019823246609075e-01 1.051303510475769670e-01 -5.963455404115965974e-01
2.082345497270411128e-01 1.602125032729713738e-01 -5.981644160924457498e-01
1.409522278793032268e-01 1.724656027369030065e-01 -5.947194573043682597e-01
1.053151963086769727e-01 1.250521093891525104e-01 -5.922461822504284656e-01
1.692146948776853399e-01 1.044431503426155733e-01 -5.960989100176006250e-01
2.082292144982977877e-01 1.537111744656321777e-01 -5.982675806872619351e-01
1.503672488427521547e-01 1.736707509046745979e-01 -5.945802183631972992e-01
1.053318754383825578e-01 1.313831825409373100e-01 -5.917910699940434061e-01
1.596523862645024550e-01 1.040709114408970015e-01 -5.954122496964688871e-01
2.082425775186527162e-01 1.470226331049630797e-01 -5.981506192761246732e-01
1.596170392070599964e-01 1.745016237576583751e-01 -5.955765608325753746e-01
1.053225367004989171e-01 1.373861938766914315e-01 -5.920032323144182040e-01
1.503994188380509411e-01 1.034119445409466681e-01 -5.944184506103046273e-01
2.082373853298206956e-01 1.405213673819840359e-01 -5.982520900848792289e-01
1.692145093799012623e-01 1.756892333654346550e-01 -5.956862495144693570e-01
1.053387781909248672e-01 1.437187057282076630e-01 -5.915593833330403672e-01
1.409861534669998306e-01 1.027114545326043571e-01 -5.944731152016708986e-01
2.082503020305326580e-01 1.338312673112241891e-01 -5.981404158683654160e-01
1.787633200720195603e-01 1.767335153837970296e-01 -5.964675668583343526e-01
1.053122852876903076e-01 1.499000092605273782e-01 -5.922096651945711887e-01
1.319056897444942922e-01 1.020377525595955737e-01 -5.938232664280121975e-01
2.082194733344106541e-01 1.270153817812527119e-01 -5.985473717651352832e-01
1.885392902100123669e-01 1.779039213327957558e-01 -5.968078645118282122e-01
1.053282145465200687e-01 1.562333523389944079e-01 -5.917737947029901857e-01
1.228222791266802005e-01 1.013655163312331547e-01 -5.931163816711416681e-01
2.082324623676592157e-01 1.203250526928332648e-01 -5.984347667901460666e-01
1.982928610896582400e-01 1.792579695479515622e-01 -5.973839652464626448e-01
1.053193838590802400e-01 1.622342019790073975e-01 -5.919729432430271832e-01
1.138993865417113061e-01 1.008637380953867485e-01 -5.932655193237504898e-01
2.082284049578218554e-01 1.138250375141789533e-01 -5.985228848123139711e-01
1.872193298101290648e-01 3.154589231491946449e-03 -5.981517686284120172e-01
1.056843557217589935e-01 2.966368621902605411e-03 -5.937320622457262775e-01
1.056977895033982262e-01 -9.858551247222847869e-02 -5.938456474242926886e-01
1.872490591019880524e-01 -1.042088277501902610e-01 -5.983973114916207869e-01
1.127172767099198780e-01 2.965005286992658962e-03 -5.932486951567128575e-01
1.057164635571117839e-01 -8.947545958235353369e-02 -5.933403981845526420e-01
1.793729319910631059e-01 -1.035242300237049495e-01 -5.980346204385467157e-01
1.872227343386206888e-01 -6.649700240820520351e-03 -5.981645661434321637e-01
1.199158559370890054e-01 2.963899826023385850e-03 -5.936424525952074260e-01
1.057077955632573091e-01 -8.004342609906500705e-02 -5.935146647567125511e-01
1.715216614526222372e-01 -1.031553631239349594e-01 -5.972714474421018105e-01
1.872249360059906609e-01 -1.625361645495880178e-02 -5.981925765193389921e-01
1.271140715987426895e-01 2.962779477012916600e-03 -5.939903992987991543e-01
1.057074676045985928e-01 -7.111923766597501306e-02 -5.934835060218728309e-01
1.641397417719847596e-01 -1.026720353215628129e-01 -5.968884021191083189e-01
1.872348284233619764e-01 -2.615823827836908852e-02 -5.981212950023289121e-01
1.343119531124974120e-01 2.961646655523216508e-03 -5.942999527646075641e-01
1.056990911936186717e-01 -6.169023318970819764e-02 -5.936504745447663822e-01
1.564350702719278230e-01 -1.019721545614131475e-01 -5.968544099072988773e-01
1.872312512949831920e-01 -3.596291641226289498e-02 -5.982264747523489135e-01
1.416739815876310038e-01 2.960700548237591313e-03 -5.952677969171545902e-01
1.056914835396795815e-01 -5.226339246981241693e-02 -5.937982630381857252e-01
1.490498142775488477e-01 -1.014893673479212999e-01 -5.964534012606949043e-01
1.872325725935272134e-01 -4.556787367619947321e-02 -5.982661430774832700e-01
1.490347316829715996e-01 2.959722687943356061e-03 -5.961376755966572016e-01
1.057045351602198535e-01 -4.314433726593588925e-02 -5.934334229279604189e-01
1.417063931145031430e-01 -1.011362675279697809e-01 -5.952398526237099308e-01
1.872495596232927884e-01 -5.547722841318859094e-02 -5.981009899856146728e-01
1.563943595789325791e-01 2.958717631425542526e-03 -5.969236337783232482e-01
1.056855677797331056e-01 -3.391795805077015002e-02 -5.938644933699014361e-01
1.343153455183944966e-01 -1.006555405913177326e-01 -5.947785534533933660e-01
1.872521240453339231e-01 -6.508408146661349980e-02 -5.981241869297063696e-01
1.641089093150586431e-01 2.957341276200105371e-03 -5.967583705072244671e-01
1.056943849034595595e-01 -2.479656948427376786e-02 -5.936052450795733515e-01
1.271190480574044546e-01 -9.996803127827645630e-02 -5.944116492920022976e-01
1.872405795834895526e-01 -7.488619859040519799e-02 -5.983348387916109790e-01
1.714674848034019594e-01 2.956304403871783549e-03 -5.974462909879737493e-01
1.056887492453184307e-01 -1.537433829351841225e-02 -5.937038047156463216e-01
1.199304723660942207e-01 -9.978917241686512118e-02 -5.938255506518242965e-01
1.872408908189936994e-01 -8.449207522079421606e-02 -5.983878894931100589e-01
1.793433317883051104e-01 3.156004094342434920e-03 -5.978188235255028626e-01
1.056866861178821226e-01 -6.453633312626287123e-03 -5.937159090138443007e-01
1.127322395674032196e-01 -9.910407831316477012e-02 -5.933758502692536574e-01
1.872645773130671432e-01 -9.440969725175370197e-02 -5.981340514990837187e-01
-6.830181229749307525e-02 -1.037698055401498898e-01 -5.832180413758875082e-01
-1.453594104652045083e-01 -9.774276016642162446e-02 -5.788832116080186996e-01
-1.453820772727984489e-01 -1.528708356076298736e-01 -5.791298719319231125e-01
-6.832552842372155433e-02 -1.626664170028496448e-01 -5.831756734162851785e-01
-1.384849643156511878e-01 -9.793433447236056522e-02 -5.794544175780574902e-01
-1.453964430044804024e-01 -1.480405847235863881e-01 -5.787665736510144709e-01
-7.587681487878009112e-02 -1.614652588315347304e-01 -5.830447882211667876e-01
-6.829702424649193582e-02 -1.090969201558891488e-01 -5.834986990813921803e-01
-1.321256737675305659e-01 -9.863500378137780855e-02 -5.797521581619419218e-01
-1.453874673648983262e-01 -1.428968186303693766e-01 -5.788869123819039286e-01
-8.323337801726758689e-02 -1.607897392101023393e-01 -5.824614803200384161e-01
-6.829250891456990769e-02 -1.144235531036046777e-01 -5.837681504085334705e-01
-1.252745655621487764e-01 -9.913098202656665803e-02 -5.798739203782184992e-01
-1.453784866729319059e-01 -1.377535722150598774e-01 -5.790073841075943362e-01
-9.030496313269065212e-02 -1.599103663123282726e-01 -5.817630595249393410e-01
-6.828827199606435361e-02 -1.197497815013962297e-01 -5.840261643904658406e-01
-1.184079313384334697e-01 -9.982322933477896787e-02 -5.804046370606409377e-01
-1.453927772182274925e-01 -1.329216636909160143e-01 -5.786456258903617256e-01
-9.764489873439230472e-02 -1.589063416697412690e-01 -5.818399683140537126e-01
-6.829936449105381002e-02 -1.248949986566621623e-01 -5.836523079145764514e-01
-1.115592312702413241e-01 -1.003193667107076525e-01 -5.805192098597293793e-01
-1.453837628513412472e-01 -1.277787697181254900e-01 -5.787667810934368218e-01
-1.047190688674089626e-01 -1.580219108615458223e-01 -5.812098281032662683e-01
-6.831612920804636113e-02 -1.305522372255232266e-01 -5.830538527578189578e-01
-1.046947326535001138e-01 -1.010094261128688387e-01 -5.810947315687432502e-01
-1.453747854495926195e-01 -1.226364342081385367e-01 -5.788871938881583468e-01
-1.115795479665633444e-01 -1.573363523862763291e-01 -5.807664098588969370e-01
-6.831189679232757550e-02 -1.358791593960738120e-01 -5.833116734389075519e-01
-9.763183462698554749e-02 -1.012078077550474520e-01 -5.814073858800927752e-01
-1.453658763710974355e-01 -1.174946794251653381e-01 -5.790062117893312044e-01
-1.184349870642152219e-01 -1.561408875758725778e-01 -5.804911096434157702e-01
-6.830793639633868375e-02 -1.412057902742774040e-01 -5.835583253751336352e-01
-9.026280889702234522e-02 -1.018865964031630961e-01 -5.822669202365889918e-01
-1.453796851064259044e-01 -1.126606733801327614e-01 -5.786544296297132517e-01
-1.252983041867326008e-01 -1.554536167193580343e-01 -5.800641651577909119e-01
-6.830423979966086800e-02 -1.465321793274225459e-01 -5.837941471788312686e-01
-8.320763453807783483e-02 -1.025879126383231477e-01 -5.824834140933436988e-01
-1.453707405190317048e-01 -1.075192818996011518e-01 -5.787741660177251335e-01
-1.321795202127073188e-01 -1.545741745707724379e-01 -5.792692239246955976e-01
-6.831419659310836168e-02 -1.516794859381104255e-01 -5.834669719675799060e-01
-7.586024084358944375e-02 -1.030773544438342570e-01 -5.827728147579713802e-01
-1.453461348859020064e-01 -1.025778161194749599e-01 -5.792239996399997093e-01
-1.385390941557050892e-01 -1.538769492797668892e-01 -5.790108240217860525e-01
-6.831068476361153163e-02 -1.570060089455593277e-01 -5.836952076798760380e-01
