6.803683966858514731e-01 1.160985710430651352e+00 -6.949261566572976001e+00
5.855467449243721006e-02 1.137297066816165270e+00 -7.022825658671007609e+00
5.829867107901889195e-02 6.718755006862537904e-01 -7.005401852470972024e+00
6.662178370863316434e-01 6.773787162348084978e-01 -6.818635356351885335e+00
1.121968639006654805e-01 1.130159301294893170e+00 -6.977040117929699470e+00
5.866354305855319556e-02 7.173604989700012036e-01 -7.039134665354498388e+00
6.020380615778209155e-01 6.661683421531227056e-01 -6.746606714529095328e+00
6.809258648910043732e-01 1.120118592709358873e+00 -6.954498999045219065e+00
1.736255997528048101e-01 1.161331279467892053e+00 -7.128871517266715863e+00
5.899249895432069624e-02 7.628855936915494018e-01 -7.069481932663830293e+00
5.600806793421535534e-01 6.822645980366595087e-01 -6.901987680656560542e+00
6.815054963462423565e-01 1.079217881437046778e+00 -6.959942229449421980e+00
2.205140011291094326e-01 1.123002177586804873e+00 -6.889668887611867021e+00
5.620532027396117625e-02 7.755359778763966094e-01 -6.806615935136231421e+00
4.978929605730894603e-01 6.716558945154670335e-01 -6.840090181153579252e+00
6.821072712309701469e-01 1.038279527370847166e+00 -6.965591080404431423e+00
2.829332625704216730e-01 1.150181135339431115e+00 -7.018169991634356286e+00
5.658445099280974555e-02 8.205838323535719070e-01 -6.841699115807382547e+00
4.416384067597944885e-01 6.672076543260833104e-01 -6.803266353930439436e+00
6.642527588018820595e-01 9.673350848910905464e-01 -6.799952004314546272e+00
3.361682044560616589e-01 1.145810638506119306e+00 -6.988446946961622608e+00
5.693353689281319824e-02 8.656975472556771578e-01 -6.873949707199350279e+00
3.784358143999654311e-01 6.603061188052410380e-01 -6.743890855203908963e+00
6.647299190009253733e-01 9.271911191194850410e-01 -6.804442720342864348e+00
3.890298494690744846e-01 1.139525718111415564e+00 -6.911683501244244354e+00
5.725587695472322131e-02 9.108667930826350734e-01 -6.903678781906184447e+00
3.436645582391172904e-01 6.976730339763259625e-01 -7.129316061833763207e+00
6.813926545531825418e-01 9.052317811485705024e-01 -6.959160165020723987e+00
4.485267303186045162e-01 1.138027700981721013e+00 -6.897682627896600138e+00
5.755433479630148175e-02 9.560831301162814322e-01 -6.931156352306162560e+00
2.733117775952568773e-01 6.596905961563181986e-01 -6.807326180057517107e+00
6.820628632957600468e-01 8.642313508492390772e-01 -6.965444394910844217e+00
5.169186187271821442e-01 1.174202172407454503e+00 -7.074987468615092645e+00
5.783140195701441666e-02 1.001339614877100548e+00 -6.956617340979349251e+00
2.222310492579049057e-01 6.729712558912842590e-01 -6.938858211935187370e+00
6.827544998084645878e-01 8.231745775572648638e-01 -6.971927632711155454e+00
5.509700430029504936e-01 1.128605420412605032e+00 -6.799569160918840005e+00
5.808925203011454375e-02 1.046630497400456550e+00 -6.980266687112532509e+00
1.678503043717042564e-01 6.709541684247946058e-01 -6.924671533419157754e+00
6.834653179841256865e-01 7.820550447013369100e-01 -6.978589038164171754e+00
6.130320825946711238e-01 1.143369529925849726e+00 -6.857213819580734615e+00
5.832978666003416079e-02 1.091950986566109671e+00 -7.002283685184635509e+00
1.065580357299011349e-01 6.418323063407361806e-01 -6.684292425488149725e+00
6.653772739777007450e-01 7.174090424015470147e-01 -6.810771343644254294e+00
2.317567350446867458e+00 -1.631379000910697652e+00 -6.278703941255799670e+00
1.703738879069746304e+00 -1.634591458565452404e+00 -6.507208249119611487e+00
1.701210572306652402e+00 -2.054857933069740294e+00 -6.498673071453583638e+00
2.322280396217843546e+00 -2.062035480344030614e+00 -6.290549029462967567e+00
1.753133033640006389e+00 -1.627763901402981217e+00 -6.464774933407483992e+00
1.704190245948001170e+00 -2.018861095661570904e+00 -6.509029437187130007e+00
2.242743737878067023e+00 -2.039785466348062570e+00 -6.251515710441700513e+00
2.313653323194188705e+00 -1.667030901544618748e+00 -6.269061264201281070e+00
1.825951671690627443e+00 -1.645053103310444298e+00 -6.499836568485442889e+00
1.707193934568574711e+00 -1.982754717776535003e+00 -6.519469354066507627e+00
2.195301617515251547e+00 -2.046818217272643015e+00 -6.293715724045346072e+00
2.309677402120797307e+00 -1.702508288175982987e+00 -6.259265616550857558e+00
1.854553732244321962e+00 -1.617532442138825743e+00 -6.394344352167983025e+00
1.693804530230531125e+00 -1.930831876833729366e+00 -6.472793694696771460e+00
2.131313259129724358e+00 -2.036131599101019152e+00 -6.285806090250313893e+00
2.305647497369259113e+00 -1.737814018692022344e+00 -6.249336529702265608e+00
1.908679663802528736e+00 -1.616498070570485224e+00 -6.363031334211345147e+00
1.696778811060346115e+00 -1.894799871867358210e+00 -6.483131334689672620e+00
2.066702702315021956e+00 -2.030102881368217815e+00 -6.283382783830537832e+00
2.301571143073214198e+00 -1.772951185829612530e+00 -6.239292607007869584e+00
1.995794318695808478e+00 -1.642319061636777544e+00 -6.438989555488914718e+00
1.718591954303436697e+00 -1.882361077396184967e+00 -6.559108815796933278e+00
2.016866136225628825e+00 -2.035942673969114658e+00 -6.322630622207590534e+00
2.314381100805899649e+00 -1.824300685795314791e+00 -6.270935163180374694e+00
2.022760220513355467e+00 -1.622120769809565211e+00 -6.339228473148002863e+00
1.721666475052857859e+00 -1.845732276749756595e+00 -6.569794942123246884e+00
1.987266108565532541e+00 -2.060071604775701282e+00 -6.414125666292706640e+00
2.310278525853010301e+00 -1.859421843737615321e+00 -6.260826719911126936e+00
2.089292503466199769e+00 -1.628719226146921217e+00 -6.345684886045265038e+00
1.708061801315636341e+00 -1.794466375824218307e+00 -6.522370602151861263e+00
1.905245719139972316e+00 -2.033515334166482003e+00 -6.352845478814626468e+00
2.306140403674652006e+00 -1.894378578205878405e+00 -6.250630353169019493e+00
2.122784124924539828e+00 -1.609874855659930271e+00 -6.262677684883771967e+00
1.711103771551563568e+00 -1.757911546153617444e+00 -6.532943525086643000e+00
1.853019420098951819e+00 -2.038353294538293170e+00 -6.389775391940684557e+00
2.301973247034444725e+00 -1.929174552141065035e+00 -6.240362145437766017e+00
2.206601858948173511e+00 -1.631521710662310554e+00 -6.323012447525521829e+00
1.714150049311180313e+00 -1.721220914612897834e+00 -6.543531320279027952e+00
1.819898392982709501e+00 -2.061813879829268892e+00 -6.480430431962046711e+00
2.313183117544546974e+00 -1.974101742379090307e+00 -6.268052310592054255e+00
2.255258540486071883e+00 -1.627844724856142067e+00 -6.283069742601551155e+00
1.717195450765390152e+00 -1.684389136975517953e+00 -6.554115923085956474e+00
1.736802329550883872e+00 -2.032326534523848593e+00 -6.410133827776030024e+00
2.308988678945018691e+00 -2.008858577662806510e+00 -6.257716895745249808e+00
1.067334315306865733e+00 8.357677406896500960e-01 -6.280406402166798685e+00
6.040281357199005496e-01 8.193733241590304139e-01 -6.354275075720249966e+00
5.985686975601066662e-01 2.026704262177726756e-01 -6.303593933553873541e+00
1.073176105910000233e+00 2.076198675062601862e-01 -6.312104914851390802e+00
6.500986722365009740e-01 8.285374266006380051e-01 -6.373428663280815698e+00
6.032833199390713608e-01 2.596773638264531225e-01 -6.348100866914939466e+00
1.029346942258636322e+00 2.075525325771833962e-01 -6.314111620632521849e+00
1.074317514013848340e+00 7.829057524832313542e-01 -6.317650112158710307e+00
6.937772087846879598e-01 8.286147586056922254e-01 -6.369889563921221409e+00
5.999848479800191647e-01 3.160952843675224333e-01 -6.316813466341195671e+00
9.849632648919056654e-01 2.073633012635106021e-01 -6.312718187068232290e+00
1.068116518072104837e+00 7.231936862044893166e-01 -6.284677066541508594e+00
7.295197470365603065e-01 8.263485446979695892e-01 -6.350409217175311483e+00
6.067061419556178947e-01 3.753162316186289260e-01 -6.380296238695916777e+00
9.400436808932594035e-01 2.070395620721888208e-01 -6.307566051495335557e+00
1.074658031822967930e+00 6.692837905769483120e-01 -6.319569315436442736e+00
7.897088442522097740e-01 8.471721681633105350e-01 -6.469994922841122431e+00
6.146593614442525944e-01 4.366043783888020613e-01 -6.455426892626165092e+00
8.946118859827750791e-01 2.065674581113122743e-01 -6.298260952643524035e+00
1.080638412958984107e+00 6.143540761430006381e-01 -6.351473421851838275e+00
8.187996375414398065e-01 8.345167785951602690e-01 -6.358265923095676619e+00
5.961986542168612457e-01 4.780395056430895573e-01 -6.280749429106259996e+00
8.486975378529182379e-01 2.059317844898664041e-01 -6.284369949143036038e+00
1.062119813938334323e+00 5.458770188484052266e-01 -6.252900180003058139e+00
8.402435246334265528e-01 8.162568202349161917e-01 -6.227174156209589029e+00
6.040538157416142084e-01 5.397245456524065732e-01 -6.354952920822867668e+00
8.299003042958779108e-01 2.080436195126690591e-01 -6.436890527360343839e+00
1.068101248930478198e+00 4.909772181660914114e-01 -6.284810930522705341e+00
8.985238081913629049e-01 8.336681072396010528e-01 -6.322460620444888768e+00
5.993396710812390893e-01 5.933316043002953011e-01 -6.310280251595068002e+00
7.823637664585813001e-01 2.071784115885453581e-01 -6.416358106327914257e+00
1.063996027575173420e+00 4.340739657480482405e-01 -6.262996954746903988e+00
9.405711227341877478e-01 8.324720892122661198e-01 -6.310114384307400570e+00
6.077588555766836320e-01 6.573460213155285503e-01 -6.389814322670449798e+00
7.343867353986202051e-01 2.060890472003646390e-01 -6.389430963924239038e+00
1.069182358003085476e+00 3.781662261413751835e-01 -6.290673867262283281e+00
9.823765612029898842e-01 8.311774015778821134e-01 -6.297095572143765807e+00
6.028743338418195430e-01 7.102330006016593922e-01 -6.343531493531726184e+00
6.963017439463914382e-01 2.060458456456858989e-01 -6.391639168404586790e+00
1.066061359388599916e+00 3.219305169505392028e-01 -6.274101361136509958e+00
1.026157273225170474e+00 8.374187691011520940e-01 -6.295794526102746147e+00
6.114540109682949920e-01 7.763173514946034581e-01 -6.424579904846119405e+00
6.475587342240090027e-01 2.045081878305041734e-01 -6.351912734733937249e+00
1.070237675396103372e+00 2.651186568128781063e-01 -6.296399672898187028e+00
2.086115557447762558e+00 -1.773945060411046049e+00 -5.744449210895617774e+00
1.514495128368209542e+00 -1.785537880038005287e+00 -5.989300750704156684e+00
1.516570594653289694e+00 -2.255371369375584578e+00 -5.997027803371896226e+00
2.064869190502670815e+00 -2.215413806194958646e+00 -5.691901354693641224e+00
1.549412202909924874e+00 -1.762820745926503951e+00 -5.914727464914655286e+00
1.500472763963209166e+00 -2.187348372466513702e+00 -5.939462727820220778e+00
2.019613524009150396e+00 -2.221214225678075582e+00 -5.723152651863974150e+00
2.073409534232583784e+00 -1.805733532655871221e+00 -5.712908900419369829e+00
1.591608123879217018e+00 -1.749125057915184911e+00 -5.850660158118869525e+00
1.499218435697013518e+00 -2.144259731111804790e+00 -5.934952240400859225e+00
1.984268674943344246e+00 -2.241536900440443958e+00 -5.788896807619150486e+00
2.073290086309652391e+00 -1.845647006714228322e+00 -5.712632064664599163e+00
1.643876255915285745e+00 -1.749968326747142644e+00 -5.831347015791917165e+00
1.497958485520107796e+00 -2.101232066875750260e+00 -5.930421697177560958e+00
1.921870468292968370e+00 -2.232449573048479241e+00 -5.785839192893952543e+00
2.087731591899687711e+00 -1.901587484980860498e+00 -5.748526144358425682e+00
1.708681166890682057e+00 -1.761395482117808386e+00 -5.851729977931829474e+00
1.509715037036480689e+00 -2.073446095128452793e+00 -5.972411488364949506e+00
1.860017954748583779e+00 -2.217547143240155894e+00 -5.775541223540414215e+00
2.074851442886458841e+00 -1.932485326726016028e+00 -5.716552977648144740e+00
1.759888898497440790e+00 -1.761347287019471297e+00 -5.829790549973870917e+00
1.508487362149163680e+00 -2.030246883689848403e+00 -5.967996213538329542e+00
1.821902330155412919e+00 -2.237161935854004025e+00 -5.840442483307477062e+00
2.074735841930184677e+00 -1.972423640452509064e+00 -5.716285710583530744e+00
1.810535758336160983e+00 -1.761066368847732155e+00 -5.807290897165485966e+00
1.507254590445284537e+00 -1.987108352334057360e+00 -5.963562761015565705e+00
1.773477475158912853e+00 -2.242148652033263634e+00 -5.870673707522164442e+00
2.076432070991495848e+00 -2.019471068107130840e+00 -5.720521818532291469e+00
1.860774031894166791e+00 -1.755827399014967094e+00 -5.777406034516859634e+00
1.506018145768289740e+00 -1.944032740347339416e+00 -5.959116219349988697e+00
1.696730381837237900e+00 -2.210761852561220042e+00 -5.815068503051715076e+00
2.076317907702327492e+00 -2.059436880147310411e+00 -5.720258138062238373e+00
1.909881798856547297e+00 -1.754818343363015565e+00 -5.753032128479540042e+00
1.518155692421750969e+00 -1.915185170020823779e+00 -6.002466235417060147e+00
1.647264205058721398e+00 -2.214540066064754065e+00 -5.842463809534264030e+00
2.076202712698520525e+00 -2.099397510965760993e+00 -5.719991892238678766e+00
1.977669523511467409e+00 -1.768223293717347877e+00 -5.771278288096625353e+00
1.516938775814010931e+00 -1.871906475160639793e+00 -5.998089392660903130e+00
1.597338139403235546e+00 -2.218289166523168987e+00 -5.869943321239722955e+00
2.077907839699567383e+00 -2.146588691492298917e+00 -5.724250164171897914e+00
2.024717110287572286e+00 -1.761028667259423974e+00 -5.735954565137788563e+00
1.515718021087510969e+00 -1.828689944747148743e+00 -5.993698872479053641e+00
1.554628187676470263e+00 -2.236606304751339813e+00 -5.933001730641250582e+00
2.077791490305606725e+00 -2.186574392985126014e+00 -5.723981066049005584e+00
9.981008968235726142e-01 -1.610977089796785000e+00 -5.902481635555857586e+00
4.111250409326542843e-01 -1.645643029068239782e+00 -6.233175379822396778e+00
4.126351457972959880e-01 -2.082783811986939515e+00 -6.254483401781340213e+00
1.008384512072928896e+00 -2.054485531529732345e+00 -5.957507936126923198e+00
4.626013838124053978e-01 -1.628769510239970630e+00 -6.169438427873800812e+00
4.106297397350724965e-01 -2.030206339460723708e+00 -6.227329365237233461e+00
9.663512520216190893e-01 -2.080338677463101416e+00 -6.045981163839506678e+00
1.012863524749024302e+00 -1.673258854825235620e+00 -5.980941565211287170e+00
5.145770659199010444e-01 -1.622624069648484824e+00 -6.123416989617447292e+00
4.097121328446290400e-01 -1.988881360042831448e+00 -6.214867202810355984e+00
8.988063426584146365e-01 -2.050333862400439688e+00 -5.994579863316984003e+00
1.002046285343669352e+00 -1.693484325945856517e+00 -5.923511629939747003e+00
5.818823140926729920e-01 -1.650443244369877771e+00 -6.202801134572733410e+00
4.087687088993620654e-01 -1.947598418977008805e+00 -6.202057021348955423e+00
8.516476925494156358e-01 -2.062343205429042925e+00 -6.046652780933512439e+00
1.016619457340493415e+00 -1.756700016213570859e+00 -6.000966089591678987e+00
6.331099943041169631e-01 -1.643355995117316226e+00 -6.153669066078670369e+00
4.066236139638566005e-01 -1.895335857996796491e+00 -6.173020125363662736e+00
7.959121169219429692e-01 -2.062400391392570587e+00 -6.067305345534734329e+00
1.005870348255999414e+00 -1.776374094004880222e+00 -5.943897598354850764e+00
6.833888665650226235e-01 -1.635994062034796137e+00 -6.103987049236777374e+00
4.056090286144329315e-01 -1.854187040068746795e+00 -6.159250709964949166e+00
7.396775874470127299e-01 -2.063361092408990238e+00 -6.083552520271152453e+00
1.008750094277168774e+00 -1.822516106167068495e+00 -5.959234317700437877e+00
7.525156765907130563e-01 -1.662451238579196078e+00 -6.177830937189671801e+00
4.108558882921800604e-01 -1.837931097273369785e+00 -6.229962462162621506e+00
6.833551148744338999e-01 -2.063374717004102799e+00 -6.104287478349137430e+00
1.009567381998722091e+00 -1.859608701732781588e+00 -5.963609222113731789e+00
7.977723915251665465e-01 -1.640726327631823134e+00 -6.079549759243797702e+00
4.098577367006957517e-01 -1.796668208098706421e+00 -6.216414404794087467e+00
6.331611180241052406e-01 -2.074425742778310600e+00 -6.154735937384986144e+00
1.012367133337672476e+00 -1.905967797569109612e+00 -5.978521279733066685e+00
8.426532958033313703e-01 -1.618009310024528080e+00 -5.988781187064064149e+00
4.075640338232570103e-01 -1.744476183424628735e+00 -6.185373905025228325e+00
5.820542702683929592e-01 -2.085332013592903877e+00 -6.205125148616665420e+00
1.002114076754378802e+00 -1.924781937587281444e+00 -5.924086146853644763e+00
9.008957310673485486e-01 -1.627870673731804052e+00 -6.006664269936658584e+00
4.064857537671714982e-01 -1.703365314124201557e+00 -6.170745744155937906e+00
5.175860520640641615e-01 -2.062157170500463543e+00 -6.156125077377382127e+00
1.015853002193612742e+00 -1.989710604214141032e+00 -5.997111864929275171e+00
9.585699689797397838e-01 -1.633584621100586221e+00 -6.001724752970077681e+00
4.121832919464636369e-01 -1.686882339993014179e+00 -6.247533733877722817e+00
4.655469786269322285e-01 -2.072524422866330429e+00 -6.205289182226700895e+00
1.005688917143599426e+00 -2.008062176873076421e+00 -5.943148924959161583e+00
2.251203972237445061e+00 -1.145643176634031146e+00 -5.462371076211618437e+00
1.777263727156669582e+00 -1.134709019046582279e+00 -5.589107545762724172e+00
1.780023803096546064e+00 -1.785425079374197477e+00 -5.597259332021572220e+00
2.251521405265205278e+00 -1.796633111213600476e+00 -5.463356068455728298e+00
1.838829190525890445e+00 -1.149259959216287763e+00 -5.626108334460636407e+00
1.785155410341105364e+00 -1.733337231753190988e+00 -5.611722287838165180e+00
2.189496591406411508e+00 -1.780776951911413164e+00 -5.431523664816837460e+00
2.247286031918417137e+00 -1.204732387932661908e+00 -5.453866216780248521e+00
1.871220270144055453e+00 -1.143470108146726005e+00 -5.583686707154619455e+00
1.776455334809293074e+00 -1.665240085444128493e+00 -5.587115947088769019e+00
2.169952289853052552e+00 -1.796759124857530754e+00 -5.493995604618578277e+00
2.241736707631644343e+00 -1.257592152580453870e+00 -5.441805642488447781e+00
1.907221665981186920e+00 -1.138847386521750993e+00 -5.559134552497763337e+00
1.793447246434971998e+00 -1.621150115881760057e+00 -5.635076156782542256e+00
2.119665781538292659e+00 -1.792422125274330869e+00 -5.494145295923635430e+00
2.237317752002957238e+00 -1.315930191930480442e+00 -5.432208739292140542e+00
1.950783625599535664e+00 -1.141013649830992849e+00 -5.541239449124024219e+00
1.784701842679769612e+00 -1.553318651695003050e+00 -5.610342502505222484e+00
2.067746353042906104e+00 -1.782165613904582058e+00 -5.484260980266986607e+00
2.242872490561970800e+00 -1.377744265943145807e+00 -5.444333120467225839e+00
1.985798007860809289e+00 -1.136188937826505763e+00 -5.515957187409829210e+00
1.789668023559699339e+00 -1.500270400298817641e+00 -5.624337478458956596e+00
2.046126185096922345e+00 -1.797892202042191023e+00 -5.546748399773425042e+00
2.248685098788407277e+00 -1.440010537715285643e+00 -5.457018907756175707e+00
2.055011852745396439e+00 -1.151851142398025551e+00 -5.568069925802364928e+00
1.781094673067858292e+00 -1.433272851818081506e+00 -5.600090032927736772e+00
1.981767899955799939e+00 -1.779068904480525015e+00 -5.506230472631325590e+00
2.244106226428526973e+00 -1.498083552749751579e+00 -5.447073987207095236e+00
2.062203952124167294e+00 -1.132967767043241647e+00 -5.470759898375001207e+00
1.785943106552460913e+00 -1.379926923148675488e+00 -5.613752432143758853e+00
1.960222967068045108e+00 -1.796419821458862698e+00 -5.565645315001507498e+00
2.250145839628391986e+00 -1.560846930886913286e+00 -5.460254306919419598e+00
2.129995315523101063e+00 -1.147530287707227759e+00 -5.517873261723726053e+00
1.777619927492100294e+00 -1.313796361689858916e+00 -5.590211793872554402e+00
1.907162021065127444e+00 -1.789743555822200571e+00 -5.559315607048651131e+00
2.243864885016690014e+00 -1.612388918188977227e+00 -5.446599919760237718e+00
2.170456098265443501e+00 -1.148432125360366429e+00 -5.494839270922684982e+00
1.769614011664186748e+00 -1.248442387418293498e+00 -5.567566958059589233e+00
1.871159146133004381e+00 -1.791798117343123664e+00 -5.583865098166118202e+00
2.239001504514488428e+00 -1.669766109841715140e+00 -5.436034838800038571e+00
2.185571767495161577e+00 -1.132684833262536772e+00 -5.422497216745879811e+00
1.785161540376924316e+00 -1.199710952361506378e+00 -5.611446231974584364e+00
1.846230568877965883e+00 -1.807284399122303542e+00 -5.646820212548027129e+00
2.245184795612125139e+00 -1.732978488417151075e+00 -5.449528562827014255e+00
1.194055849936074498e+00 1.451878933877242206e+00 -5.714840317709652062e+00
7.502669258248813033e-01 1.448000293472049727e+00 -5.862140305492846259e+00
7.599507716676010549e-01 8.353323067766119658e-01 -5.930557594677221545e+00
1.203143303732892244e+00 8.336145246735184866e-01 -5.754340607860735091e+00
8.005929501841402285e-01 1.469787807843270677e+00 -5.927511171420658087e+00
7.447227764834077890e-01 8.743463437196736798e-01 -5.824062009739426671e+00
1.145210260048188600e+00 8.213567574550528771e-01 -5.699581674526490005e+00
1.196869117776843350e+00 1.397440606283523623e+00 -5.726962891226314412e+00
8.352854519630493746e-01 1.461041833296780723e+00 -5.871591907288061130e+00
7.553123784379718320e-01 9.433436370244780989e-01 -5.898005979995784465e+00
1.132814162843286843e+00 8.402343560564214942e-01 -5.837814990824726102e+00
1.199712810610614966e+00 1.342765814080436160e+00 -5.739216266751774320e+00
8.840114325884340651e-01 1.470572493447988460e+00 -5.902301572199351476e+00
7.541345654196480730e-01 1.001031916456510018e+00 -5.889704486623502433e+00
1.059503671817150661e+00 8.141877728666132574e-01 -5.695335489418447139e+00
1.190629478700414579e+00 1.277593560096647263e+00 -5.700261514173131872e+00
9.176105062252886135e-01 1.461551946816678882e+00 -5.845732056052991510e+00
7.507707503704508234e-01 1.050114753366667930e+00 -5.866132226791063609e+00
1.034429115612667927e+00 8.270181492765665832e-01 -5.780551168117940897e+00
1.193464201801087032e+00 1.222940723052628353e+00 -5.712476466715562751e+00
9.482401221836156413e-01 1.443885439388153724e+00 -5.777621078379008956e+00
7.496703817480124821e-01 1.107388420545587282e+00 -5.858372597027467599e+00
9.878889672270855238e-01 8.255825119832685965e-01 -5.775650316214606228e+00
1.196306799025141698e+00 1.168023259198864627e+00 -5.724725410642099277e+00
9.866832654773897149e-01 1.447789432928350717e+00 -5.768762519709573766e+00
7.599845438538169740e-01 1.179485488296343032e+00 -5.930386841314719604e+00
9.465580541994722541e-01 8.186400141191541024e-01 -5.769032910765528044e+00
1.187406801941938594e+00 1.104457483806531970e+00 -5.686556271541990171e+00
1.042810940729159475e+00 1.466613606295465777e+00 -5.821995520467366347e+00
7.587593315586644849e-01 1.237101671574882600e+00 -5.921754138066474660e+00
9.194955987913200346e-01 8.318016249767721249e-01 -5.857123906503112210e+00
1.190273024687795722e+00 1.049583083445430276e+00 -5.698906755142342462e+00
1.059821612912633215e+00 1.435230833464925526e+00 -5.696337119379940361e+00
7.554632359393520513e-01 1.285613900625170558e+00 -5.898656070036758514e+00
8.916729394753466487e-01 8.455120493943564242e-01 -5.948853259249394121e+00
1.193117705890762936e+00 9.944156456108432796e-01 -5.711164942538352385e+00
1.123197291090008543e+00 1.466069800710126270e+00 -5.792759520323084388e+00
7.543491822220169674e-01 1.342892315162194539e+00 -5.890800797168913583e+00
8.183121573870224541e-01 8.133425737400602484e-01 -5.765384901899076375e+00
1.195913363848235100e+00 9.389368978775831653e-01 -5.723212832686122020e+00
1.164575030720587545e+00 1.468033055370673523e+00 -5.785461628199441542e+00
7.640542174669634479e-01 1.417294848033651578e+00 -5.958553936091386838e+00
8.006513471174799834e-01 8.356200189824389835e-01 -5.928614207881314435e+00
1.187603738274355614e+00 8.775025066084253256e-01 -5.687576813994589919e+00
1.421007490170114462e-01 1.654517145594319727e+00 -5.909143101756329841e+00
-4.344166397289754844e-01 1.638447193739887897e+00 -6.066609170133268947e+00
-4.400347003088792563e-01 1.332650131033884300e+00 -6.139036494761537455e+00
1.425482122927208828e-01 1.333436755035107835e+00 -5.926646160707121247e+00
-3.855542763708125209e-01 1.652905733979199043e+00 -6.100046375209360328e+00
-4.412839250266986091e-01 1.366933868414362818e+00 -6.155329762668682925e+00
8.799145655293375001e-02 1.311189999581003907e+00 -5.853652127570918573e+00
1.419138451747219976e-01 1.623213425058434689e+00 -5.902734458852163080e+00
-3.333235563887133601e-01 1.653700581328354291e+00 -6.079277123533115557e+00
-4.424924481662937947e-01 1.401262354138693489e+00 -6.171094313830094436e+00
3.586591420676794872e-02 1.311845904240666938e+00 -5.883000648169115721e+00
1.417209885920203138e-01 1.591917506197365162e+00 -5.896116223156400160e+00
-2.774557218495274924e-01 1.648622601343843863e+00 -6.038790481146859790e+00
-4.436620296855441348e-01 1.435632819842747043e+00 -6.186353008643845186e+00
-1.676654775622925600e-02 1.323939935573156479e+00 -5.937286783907134158e+00
1.415218939780980290e-01 1.560629894897400671e+00 -5.889278348920202077e+00
-2.316355242038751483e-01 1.670885051388445008e+00 -6.098096895654919969e+00
-4.350901533713699143e-01 1.434209753584815505e+00 -6.074983298509678775e+00
-7.012961480658289060e-02 1.325290526367532085e+00 -5.969996837535317624e+00
1.413162582771934628e-01 1.529351137579869402e+00 -5.882210164793000295e+00
-1.729110297932293372e-01 1.630421165068120848e+00 -5.950490648775978997e+00
-4.363173539386432376e-01 1.468415728668456710e+00 -6.090990289946164538e+00
-1.188312331930605897e-01 1.302075653328877758e+00 -5.891780252514655203e+00
1.411037593445114702e-01 1.498081825203219530e+00 -5.874900327188150584e+00
-1.192622408862945849e-01 1.626699814638077113e+00 -5.915293596429699541e+00
-4.375073604010288331e-01 1.502664482727481099e+00 -6.106514130032124399e+00
-1.761561789172331194e-01 1.338476604584570628e+00 -6.056566586297059018e+00
1.408840545128090815e-01 1.466822597734075639e+00 -5.867336769796993146e+00
-7.006318490720979397e-02 1.647226545039715662e+00 -5.968358729348307357e+00
-4.386616958633783869e-01 1.536953622907777595e+00 -6.121574602678061972e+00
-2.269175267007171315e-01 1.315349285996443074e+00 -5.978750938054278485e+00
1.406567790408187191e-01 1.435574149150653067e+00 -5.859506648940086215e+00
-1.671099689785815121e-02 1.642909631206734167e+00 -5.931307638017750961e+00
-4.397818117941487137e-01 1.571280923246821226e+00 -6.136190561399095245e+00
-2.758517274928968810e-01 1.315119081558228986e+00 -6.004897903602047116e+00
1.404215444342720442e-01 1.404337233051774048e+00 -5.851396284430116168e+00
3.602372076432586168e-02 1.638889705069108915e+00 -5.895496007635637525e+00
-4.408690910805003749e-01 1.605644310853157064e+00 -6.150379968980922207e+00
-3.311968428643837226e-01 1.317361393339690379e+00 -6.042096067778052415e+00
1.429661040595983923e-01 1.396069103260372035e+00 -5.941015163135013211e+00
8.973539394854417039e-02 1.658578216662471405e+00 -5.944968488298909115e+00
-4.332863588910683683e-01 1.604227986462125166e+00 -6.051861341536961980e+00
-3.840039564004513739e-01 1.324426189934025500e+00 -6.076467622699686544e+00
1.427610338993108297e-01 1.364748164875552616e+00 -5.933967122436378361e+00
-1.051197919514121448e+00 -1.427524679535562058e+00 -6.290588017203337934e+00
-1.675421285757529688e+00 -1.429052161238606455e+00 -6.521875514940849605e+00
-1.683278118536937429e+00 -1.964944279786673631e+00 -6.549776207324338628e+00
-1.052327864583896044e+00 -1.957797550838073386e+00 -6.296434828289664054e+00
-1.637825461635887381e+00 -1.446880196120592377e+00 -6.577207820269375560e+00
-1.685554063212456599e+00 -1.921343825046711640e+00 -6.557940960951285980e+00
-1.118557891087090361e+00 -1.971029330079544284e+00 -6.357551688284377001e+00
-1.051333729300047537e+00 -1.478020983901998875e+00 -6.291300129085358073e+00
-1.571028017993177928e+00 -1.439104221525539851e+00 -6.515453056265524623e+00
-1.687858256765564891e+00 -1.877648931819762446e+00 -6.566206862469546657e+00
-1.173371815346937463e+00 -1.968372068370026984e+00 -6.371803128942378436e+00
-1.047904429959831019e+00 -1.517662529197741250e+00 -6.272387571284014030e+00
-1.513944330494486845e+00 -1.436208100600734783e+00 -6.498141217718909068e+00
-1.685893393125077244e+00 -1.823302192909641795e+00 -6.559196324383939292e+00
-1.214475566628925529e+00 -1.945861870211085254e+00 -6.319727216342744924e+00
-1.048078615452983087e+00 -1.568068805540891120e+00 -6.273311080512402604e+00
-1.449485400660953660e+00 -1.429045224186067164e+00 -6.439576759660247340e+00
-1.688219758075191423e+00 -1.779485425127377729e+00 -6.567541641408487507e+00
-1.274000652473709527e+00 -1.954843510905110993e+00 -6.368245610931010603e+00
-1.062144923515047523e+00 -1.637576571265499936e+00 -6.350722089634929901e+00
-1.397438135636212220e+00 -1.436272863935988298e+00 -6.440277916348615683e+00
-1.670118477131318224e+00 -1.711220747535279862e+00 -6.502777036553216483e+00
-1.344290523280826655e+00 -1.970078246258588184e+00 -6.436331924231026846e+00
-1.045018272389544700e+00 -1.657832359666004729e+00 -6.256394797383142858e+00
-1.341304994566548503e+00 -1.433454532601781795e+00 -6.423468393884978589e+00
-1.688583473417599512e+00 -1.681279974915484532e+00 -6.568884364487972860e+00
-1.400085680770454033e+00 -1.967514002426150377e+00 -6.451227052428721187e+00
-1.058640145540849398e+00 -1.727749678719172621e+00 -6.331358159783563977e+00
-1.269156995658187626e+00 -1.421648805541077643e+00 -6.346284981083211818e+00
-1.690937954399276855e+00 -1.637214426602179529e+00 -6.577330420301676916e+00
-1.441053377822299364e+00 -1.947113203922925084e+00 -6.404878661016692121e+00
-1.058636017054849221e+00 -1.778401354944393109e+00 -6.331299545102324622e+00
-1.224445059371689570e+00 -1.431310023581936264e+00 -6.367723301202429020e+00
-1.672706841658439858e+00 -1.570307579893770900e+00 -6.512100550791550369e+00
-1.504184195592405793e+00 -1.957781707146401207e+00 -6.459354748758694420e+00
-1.055341041699847882e+00 -1.817638585391933015e+00 -6.313127028438159094e+00
-1.173580663271729607e+00 -1.439666937715835315e+00 -6.373180653743419910e+00
-1.691297601330773004e+00 -1.538811854483782104e+00 -6.578658668531571330e+00
-1.560627250237823782e+00 -1.955597214686580321e+00 -6.475540874643308520e+00
-1.055381863035635526e+00 -1.868209543685405372e+00 -6.313316003947790023e+00
-1.118631561643786743e+00 -1.437271949849463493e+00 -6.358293006185829377e+00
-1.693647646802988405e+00 -1.494463147246958723e+00 -6.587088959378224473e+00
-1.625877492115912926e+00 -1.966984539665971088e+00 -6.532816658914999408e+00
-1.039756204469441725e+00 -1.886954048463655553e+00 -6.227255365933146436e+00
9.407499404346160166e-01 -8.586924919689914448e-02 -5.030901132518959429e+00
5.615347883764452153e-01 -8.918275097711726718e-02 -5.247947951792148125e+00
5.531887312570430426e-01 -7.107093246668465536e-01 -5.180312097391767345e+00
9.467554731677265689e-01 -7.125504954478657504e-01 -5.059698363524998577e+00
5.903851046238730582e-01 -8.794393841426562108e-02 -5.178711542742314045e+00
5.577329858297127574e-01 -6.579480703340206960e-01 -5.217529232733949307e+00
9.040053941264903914e-01 -7.094017167494661713e-01 -5.043477710022582272e+00
9.420694503803017650e-01 -1.452117789343961851e-01 -5.037161863323478705e+00
6.341299534978642738e-01 -8.919306933221363143e-02 -5.240842613146838858e+00
5.536281800891907912e-01 -5.972548832409824149e-01 -5.183763172849713108e+00
8.673501054747791983e-01 -7.063773330737520562e-01 -5.043788353976882632e+00
9.404995026736715502e-01 -2.015857285721714687e-01 -5.029818999829546833e+00
6.620272518895775615e-01 -8.796199809069683850e-02 -5.172120364213089516e+00
5.582350016889280342e-01 -5.435947553033790847e-01 -5.221492392056836351e+00
8.400917436265966654e-01 -7.137018625863158494e-01 -5.093984329260351274e+00
9.419345412238807613e-01 -2.565172066020571240e-01 -5.036620462682068755e+00
6.896189274915323075e-01 -8.682155293752981395e-02 -5.108272781931670892e+00
5.543526288539554203e-01 -4.838738874985858973e-01 -5.189553038212380898e+00
8.052498190084562690e-01 -7.151468662068258819e-01 -5.120388228084084226e+00
9.391504987108152402e-01 -3.123032714229904139e-01 -5.023560912067989825e+00
7.403916338752218884e-01 -8.822131552158944678e-02 -5.177711289191332611e+00
5.588570860706848498e-01 -4.291362497296202783e-01 -5.226440661459918147e+00
7.667307274780070792e-01 -7.107962818082826928e-01 -5.112449564758328791e+00
9.421739377492204248e-01 -3.725302977835324159e-01 -5.037844737145503515e+00
7.669606702385969310e-01 -8.706580368808924941e-02 -5.113166509090959266e+00
5.554507523327191221e-01 -3.704518232309900738e-01 -5.198409179338155717e+00
7.380344774877836134e-01 -7.182377568547958502e-01 -5.163859644693016726e+00
9.446283337078201781e-01 -4.282728977891744337e-01 -5.049445849270258968e+00
7.932619372337891273e-01 -8.598570048816958633e-02 -5.052679286152029547e+00
5.611213692491185956e-01 -3.201016393018418782e-01 -5.244871514439368276e+00
6.838164446757828419e-01 -7.007105851686734610e-01 -5.071211500076056033e+00
9.408221768479206881e-01 -4.832069320732493289e-01 -5.031573760245815485e+00
8.425521188452258503e-01 -8.709088559588502865e-02 -5.106533959921162769e+00
5.643245895128453649e-01 -2.627437256717557457e-01 -5.271076769127705397e+00
6.627661752252763661e-01 -7.145622167894335464e-01 -5.177924356037483911e+00
9.364014697824007971e-01 -5.373403185707090746e-01 -5.010807124680131786e+00
8.678938080754953210e-01 -8.600823128854677424e-02 -5.046011633924123885e+00
5.614475323807212037e-01 -2.047230358289013896e-01 -5.247390080556256109e+00
6.325631401614169036e-01 -7.220682690587417740e-01 -5.230225143543659527e+00
9.389916420967756583e-01 -5.932732745026682020e-01 -5.023048092284883026e+00
8.929972632187819226e-01 -8.498888049535348321e-02 -4.988896935268594568e+00
5.633651740888019344e-01 -1.463620054306671858e-01 -5.263044439535932817e+00
5.843892212223904536e-01 -7.040556387055679766e-01 -5.133364280192166618e+00
9.435766529290580129e-01 -6.554596080937852287e-01 -5.044685447217545970e+00
-7.189737086543054323e-01 1.533848909615977529e+00 -5.363484630755698923e+00
-1.307193904842662846e+00 1.555463386420506522e+00 -5.635232804918205218e+00
-1.302159436629700018e+00 1.090037902917563750e+00 -5.615349848445035263e+00
-7.169762314922267787e-01 1.075181870101164394e+00 -5.349552543192062082e+00
-1.249144651305820641e+00 1.551632657668063020e+00 -5.601555823613123763e+00
-1.303142415928693731e+00 1.130005211995869008e+00 -5.619208381528907559e+00
-7.821995691736884915e-01 1.094910585092090383e+00 -5.442590968091066017e+00
-7.272518463018913248e-01 1.511608065334587803e+00 -5.419496281795630921e+00
-1.200294091465013757e+00 1.552614307652792958e+00 -5.584173808338298350e+00
-1.307612746151397776e+00 1.178171329706900305e+00 -5.636693993630556676e+00
-8.345758945113965765e-01 1.093798450208165018e+00 -5.464175946112724169e+00
-7.250820176791428207e-01 1.464331804425679451e+00 -5.404767070095675585e+00
-1.154360394334685624e+00 1.561739578313271704e+00 -5.599643948063691923e+00
-1.296995632169079427e+00 1.209650878529467066e+00 -5.595232845266697730e+00
-8.874431297627795034e-01 1.092844157742056233e+00 -5.486657895311836342e+00
-7.228335885398559091e-01 1.417158763452075254e+00 -5.389505929979736543e+00
-1.098097221053410788e+00 1.558876507099001607e+00 -5.569487284106722669e+00
-1.313127606077772125e+00 1.267066476247206808e+00 -5.658278859879615652e+00
-9.440811415461617395e-01 1.100771846108993923e+00 -5.527332387094110899e+00
-7.205041197503228023e-01 1.370098284246166198e+00 -5.373696359586003446e+00
-1.029359666628465897e+00 1.533688359442406890e+00 -5.476840511835098901e+00
-1.302446021197950943e+00 1.297977142954614971e+00 -5.616565799103176992e+00
-9.981588888241814672e-01 1.100099727725067478e+00 -5.551504232823425866e+00
-7.205954013137071401e-01 1.332615733195181562e+00 -5.374280545670389486e+00
-9.853624921769951195e-01 1.543236421630060251e+00 -5.487208013412666396e+00
-1.306908503396868149e+00 1.346695496397682490e+00 -5.634021052108839633e+00
-1.025399167668227918e+00 1.075646585163610336e+00 -5.457487129654005287e+00
-7.181374265463718043e-01 1.285719047638230972e+00 -5.357601312078084987e+00
-9.307516437882458193e-01 1.540085978077510021e+00 -5.456806664071696567e+00
-1.307904427794774005e+00 1.387013561307369303e+00 -5.637930317946431735e+00
-1.094477683772596466e+00 1.093296690501764923e+00 -5.552581112539806796e+00
-7.155926473563969381e-01 1.238963702153167201e+00 -5.340334652919929148e+00
-8.767575895116686002e-01 1.537065717143568655e+00 -5.427029241474260246e+00
-1.297417893998347838e+00 1.416944208175837661e+00 -5.596978513703525060e+00
-1.149749050651466487e+00 1.093073266791995124e+00 -5.579111963676083086e+00
-7.249374190275701402e-01 1.215359722594613778e+00 -5.403564670829264394e+00
-8.322432535975776702e-01 1.548791879023200257e+00 -5.450663920675246743e+00
-1.301827606752557820e+00 1.465862642273502159e+00 -5.614227805234832225e+00
-1.194243545132748663e+00 1.084716561092026410e+00 -5.558432361225810858e+00
-7.223753796894962775e-01 1.168467082242126365e+00 -5.386181096667727708e+00
-7.789631805704123613e-01 1.546237281231024552e+00 -5.422514333999297165e+00
-1.302827802148012415e+00 1.506129181105168469e+00 -5.618153747468819681e+00
-1.256250995539148985e+00 1.097137680469480125e+00 -5.630202972622259772e+00
-7.197216551858994782e-01 1.121735680312601069e+00 -5.368177081157984532e+00
9.831375279243693699e-01 -5.955658016508601493e-01 -4.683595096537090718e+00
3.740152770178562514e-01 -5.862974934943221417e-01 -4.849432806111885874e+00
3.766229572258982250e-01 -1.053533532766386838e+00 -4.879351372175148249e+00
9.818934147852675931e-01 -1.058058976963175413e+00 -4.678775951974489367e+00
4.336874869830019685e-01 -5.916230833073242712e-01 -4.882924380855089730e+00
3.749939824249300391e-01 -1.005929200844849047e+00 -4.861105351520205176e+00
9.218680956792878467e-01 -1.052031239857628808e+00 -4.677447876911291047e+00
9.835835044040345254e-01 -6.378410313006659393e-01 -4.685479421058724725e+00
4.797603347466204982e-01 -5.845341265911356832e-01 -4.794080458699412794e+00
3.732832791726864996e-01 -9.584862379085844486e-01 -4.841948515146736298e+00
8.722251190372630747e-01 -1.055429387657429441e+00 -4.713022581586455928e+00
9.840728781014750348e-01 -6.801840181044938038e-01 -4.687544057027083433e+00
5.336492461305761825e-01 -5.812136924739074173e-01 -4.764383272653604173e+00
3.729306990514478781e-01 -9.190034472449084557e-01 -4.837946316040371286e+00
8.044568679137382716e-01 -1.041590912172900119e+00 -4.673304614671434543e+00
9.845985190373806040e-01 -7.225950842071712232e-01 -4.689759388880467839e+00
5.952882693832785010e-01 -5.921980075128807641e-01 -4.807141975658663746e+00
3.710811002148136639e-01 -8.718395183847711394e-01 -4.817241587707373540e+00
7.576601387784509534e-01 -1.052294525652185175e+00 -4.738345885405812474e+00
9.851537899741158455e-01 -7.650737274602743554e-01 -4.692097847126709631e+00
6.483677316206460928e-01 -5.884115695502938337e-01 -4.774308418464871195e+00
3.765657207144788576e-01 -8.434317972125627838e-01 -4.878331740819024986e+00
7.054600989744881367e-01 -1.054528716079204509e+00 -4.769947222835917877e+00
9.857325921036691474e-01 -8.076187622049066928e-01 -4.694534098225155105e+00
7.023292192441974446e-01 -5.902374463800885707e-01 -4.751061073165823601e+00
3.746704877258824062e-01 -7.961734452427341457e-01 -4.857118192815239155e+00
6.454677966150302870e-01 -1.047342819910431100e+00 -4.756255824006006883e+00
9.863293874956223783e-01 -8.502284518344883635e-01 -4.697045137930439651e+00
7.623297387381821055e-01 -5.951303970699395318e-01 -4.763319230843272578e+00
3.726841651263532174e-01 -7.491617825938940989e-01 -4.834889631305752111e+00
5.918746733508463143e-01 -1.048488558341251098e+00 -4.783745452470038906e+00
9.869392025843238825e-01 -8.929006301024761116e-01 -4.699610305870121074e+00
8.039164564881409181e-01 -5.827774710528722535e-01 -4.670167786585118996e+00
3.722451829371545839e-01 -7.097764209750130338e-01 -4.829924417191817199e+00
5.355069259226917788e-01 -1.041760705923922670e+00 -4.779329847304879308e+00
9.801241309577782834e-01 -9.305739367651171268e-01 -4.671330628617074154e+00
8.698057904764885384e-01 -5.922354626337870132e-01 -4.701246643418866000e+00
3.701149888108082875e-01 -6.632090121270792782e-01 -4.806092806162329367e+00
4.811216623253856128e-01 -1.042749187375322517e+00 -4.806489795403939169e+00
9.806995817268386872e-01 -9.730046651297072913e-01 -4.673752914763237953e+00
9.181887970111001218e-01 -5.872519662994464262e-01 -4.660822316590020442e+00
3.762170257783588601e-01 -6.329505999647190295e-01 -4.874062137000350958e+00
4.262539388465082513e-01 -1.040202001608262483e+00 -4.811293060502335628e+00
9.812907775888241035e-01 -1.015500540894642478e+00 -4.676240648678352763e+00
-2.515468105538246069e-01 1.311228555165265597e+00 -5.024024047686398653e+00
-8.406896029793941016e-01 1.307432451304124665e+00 -5.227574362274427955e+00
-8.518384080647124490e-01 9.520427568248281958e-01 -5.289870470926222090e+00
-2.481877937362517716e-01 9.276699082171563360e-01 -4.960928663035712560e+00
-7.830703277971938769e-01 1.302365055191079257e+00 -5.188029604690241214e+00
-8.394275140141386204e-01 9.717532147874274884e-01 -5.220250885487879522e+00
-3.106780408246116454e-01 9.529877002860791535e-01 -5.095977447250505499e+00
-2.484136406265022023e-01 1.261348272627452083e+00 -4.965993562469376066e+00
-7.265318511041727323e-01 1.297800042931086528e+00 -5.150579167407729031e+00
-8.373628090269181756e-01 1.000978996880068639e+00 -5.208687470801962149e+00
-3.569592848716762745e-01 9.377465074179303084e-01 -5.040294591652799916e+00
-2.527424637928419315e-01 1.251341096049653379e+00 -5.045958269170625954e+00
-6.710036653527627903e-01 1.293737464508834867e+00 -5.115195637581671839e+00
-8.482221296719657522e-01 1.048797372818625728e+00 -5.269650533837062056e+00
-4.090516788342125620e-01 9.328849815939128653e-01 -5.043576243413093074e+00
-2.494443237923459067e-01 1.201329691521464182e+00 -4.984878991190420550e+00
-6.238042310791540590e-01 1.304732660920091769e+00 -5.132921960448732612e+00
-8.362905582075905730e-01 1.067487413263318752e+00 -5.202719336286281582e+00
-4.614258907209640714e-01 9.327505135798616065e-01 -5.069510933201748060e+00
-2.495085637679408108e-01 1.166689593122717028e+00 -4.985973516714437004e+00
-5.758633830000225995e-01 1.314490588190495357e+00 -5.153042963270089594e+00
-8.469131544323698080e-01 1.115837711076114402e+00 -5.262354665814961585e+00
-5.229802675865840023e-01 9.448829973571595264e-01 -5.133638090988609903e+00
-2.542867457757219118e-01 1.156847575906815973e+00 -5.074242256231794812e+00
-5.213263024911152232e-01 1.310827888877541980e+00 -5.119348907656913639e+00
-8.448423805242030182e-01 1.145010037510575840e+00 -5.250757213971306570e+00
-5.774500828159275789e-01 9.458383224292421509e-01 -5.165505857296221137e+00
-2.507003861647433829e-01 1.106687927271397198e+00 -5.007836641982556181e+00
-4.622365150072344497e-01 1.305040260388430351e+00 -5.078117764545229562e+00
-8.456688118236398433e-01 1.182756474408009018e+00 -5.255421330988868434e+00
-6.236769462681742704e-01 9.352854398735099828e-01 -5.131605276248721204e+00
-2.508088672336190594e-01 1.072038900652497517e+00 -5.009748662974589983e+00
-4.094142399067429716e-01 1.302319678984818152e+00 -5.048228044336729781e+00
-8.436687283452216635e-01 1.211814843308425704e+00 -5.244220405378023919e+00
-6.777419315968178370e-01 9.383356772354747299e-01 -5.161232039308956132e+00
-2.470047312242933668e-01 1.022433431358362732e+00 -4.939320287929174214e+00
-3.560825049527430175e-01 1.302881895307291149e+00 -5.029641216750318833e+00
-8.444912750246427180e-01 1.249572803654239728e+00 -5.248862739502266450e+00
-7.335656266003405257e-01 9.396428043181682677e-01 -5.195271175371704686e+00
-2.522076161274738881e-01 1.012054139344905845e+00 -5.035435573988999103e+00
-3.042711204282665394e-01 1.300135280691119277e+00 -5.000064604744983932e+00
-8.425624359242336325e-01 1.278532206354392242e+00 -5.238061461857235201e+00
-7.805972728770609326e-01 9.315133874505256983e-01 -5.172958401525966643e+00
-2.523778305166929914e-01 9.773929761231088253e-01 -5.038488315252087624e+00
1.828630983758111339e-01 -1.034668596649908734e+00 -4.577890303511590986e+00
-2.619016942585526975e-01 -1.022629835918831276e+00 -4.690371272471137054e+00
-2.648994052605476712e-01 -1.672572262950767774e+00 -4.738036529159614041e+00
1.829654868507329668e-01 -1.677103136540886608e+00 -4.582109740822949639e+00
-2.263489152094892431e-01 -1.037855388402109780e+00 -4.738406886647285710e+00
-2.657853715711622211e-01 -1.620710338894688185e+00 -4.752699172570887143e+00
1.419312432430094306e-01 -1.658462043494733473e+00 -4.556471003030340583e+00
1.821855735797403841e-01 -1.090896680620781378e+00 -4.564036554492889586e+00
-1.845169974349916142e-01 -1.037370091296162089e+00 -4.715578713106141073e+00
-2.635034102454655858e-01 -1.546721990379182232e+00 -4.715422479617481066e+00
1.011238143339754786e-01 -1.662881632444164426e+00 -4.581046636705223385e+00
1.838971134247923966e-01 -1.159150812681389420e+00 -4.599720193996544637e+00
-1.390063637673377428e-01 -1.016822723385444771e+00 -4.622003991505736487e+00
-2.643969800574801354e-01 -1.494804550969770052e+00 -4.730210041468399851e+00
5.988953968297931751e-02 -1.667171160452212142e+00 -4.605449709013557325e+00
1.825878455476488416e-01 -1.207277687684003453e+00 -4.572751150047957402e+00
-1.024103149578972083e-01 -1.031659249828864811e+00 -4.668122305015253382e+00
-2.653683506807359982e-01 -1.442919158965916937e+00 -4.746274383169067690e+00
2.000133627497576241e-02 -1.669856214880308887e+00 -4.625908214655202855e+00
1.820065387354101449e-01 -1.263457256662474437e+00 -4.560890730445997576e+00
-6.179909636244461379e-02 -1.033011515094761412e+00 -4.653071654930029943e+00
-2.664278631399093489e-01 -1.391069147293826580e+00 -4.763785212402616764e+00
-1.973799527200343490e-02 -1.674370022635855770e+00 -4.650904081176628679e+00
1.835150794166523214e-01 -1.331823267718177384e+00 -4.592368913996752511e+00
-1.974284340880354260e-02 -1.047295728117675351e+00 -4.696119916021586072e+00
-2.675877465319316251e-01 -1.339258313111100440e+00 -4.782943222580697373e+00
-6.216535231413937435e-02 -1.678195021088441541e+00 -4.674583499218385008e+00
1.823735943330015430e-01 -1.379874339981991271e+00 -4.568875819473663391e+00
1.987880904412403504e-02 -1.024985270089725509e+00 -4.597046535218893837e+00
-2.648553742751888485e-01 -1.265187236395424186e+00 -4.738274637101733688e+00
-1.020776568576894500e-01 -1.659715888812357321e+00 -4.649058924388263847e+00
1.818654227587041539e-01 -1.436025368566811844e+00 -4.558530559631263301e+00
5.965081090892120769e-02 -1.027308560938368087e+00 -4.586217846794649944e+00
-2.628790796734231661e-01 -1.200123776483808857e+00 -4.705993426602163687e+00
-1.405941943872406896e-01 -1.662203866595485025e+00 -4.669159511502406268e+00
1.832120556462029370e-01 -1.504468024586866903e+00 -4.586654512045351240e+00
1.023737393155193104e-01 -1.039905920117152771e+00 -4.622356034400731950e+00
-2.640067818433872171e-01 -1.148170918893050452e+00 -4.724623617816486210e+00
-1.836525097526207351e-01 -1.665895029755671164e+00 -4.692766033117041324e+00
1.822015259019993949e-01 -1.552471823482268309e+00 -4.565874459431542576e+00
1.437206525795724499e-01 -1.039497223772635870e+00 -4.600627427333144226e+00
-2.652613478435447703e-01 -1.096249369881868940e+00 -4.745335807296546804e+00
-2.253884795858886181e-01 -1.670277530039221858e+00 -4.718049470727343930e+00
1.834500737062132458e-01 -1.621002086664605768e+00 -4.591966512904095410e+00
-1.126636838842791644e+00 1.052519248544769859e+00 -5.009577635873195156e+00
-1.697827978219041967e+00 1.048894269226643861e+00 -5.192253049227162798e+00
-1.696414899589026914e+00 6.489072735691348015e-01 -5.188276129831302264e+00
-1.130208395503719210e+00 6.532183393896897616e-01 -5.023577912747251517e+00
-1.643438858945280634e+00 1.044760324219436987e+00 -5.169258702242619741e+00
-1.699489774917689155e+00 6.855632955120685157e-01 -5.196693037303659501e+00
-1.155630400318639284e+00 6.378065501081044975e-01 -4.939996068128280626e+00
-1.123724635866656163e+00 1.015425840712228078e+00 -4.997990564928823432e+00
-1.592593364205883377e+00 1.047198855026935771e+00 -5.155471017029634062e+00
-1.702788411929573753e+00 7.224434329131310673e-01 -5.205721621162612500e+00
-1.230575525059774744e+00 6.501758832231424590e-01 -5.042594933003438307e+00
-1.129719874984076888e+00 9.844647530032413218e-01 -5.021793664974168792e+00
-1.542314166905238704e+00 1.049880707197779595e+00 -5.142842307642871980e+00
-1.699266445905328160e+00 7.583337240793203149e-01 -5.196103173979780721e+00
-1.267860575795166422e+00 6.427841920490566796e-01 -5.013576882735464757e+00
-1.123863519853593562e+00 9.405945762116205699e-01 -4.998506986380358619e+00
-1.501303435285366694e+00 1.057086512026148784e+00 -5.158218279597439171e+00
-1.702750828113877679e+00 7.954388571310854195e-01 -5.205639695881514761e+00
-1.326196606436649494e+00 6.464801061975223861e-01 -5.044213813261353430e+00
-1.129833165403665962e+00 9.092060786758974222e-01 -5.022208179692674967e+00
-1.422037951996843796e+00 1.037755804725692066e+00 -5.061210983184540879e+00
-1.698979965873604003e+00 8.310548379153902543e-01 -5.195340633408541464e+00
-1.372341116047985699e+00 6.418027643442513197e-01 -5.046930733361129739e+00
-1.126952303789034326e+00 8.724203882332912663e-01 -5.010745842391981064e+00
-1.373715328526966983e+00 1.041015580184386780e+00 -5.051587399748100893e+00
-1.702627527667315732e+00 8.683880913577894933e-01 -5.205323397715273082e+00
-1.421483154398820226e+00 6.429097173021177669e-01 -5.059310239761908079e+00
-1.121258129472417986e+00 8.293415222133156961e-01 -4.988103777654238513e+00
-1.325808944448481519e+00 1.044516043342998968e+00 -5.043050578293454933e+00
-1.698639096587155839e+00 9.037231582882599978e-01 -5.194429369692470821e+00
-1.501344355280159970e+00 6.544356941696858332e-01 -5.158208641259663274e+00
-1.127121748955324021e+00 7.973788467879556752e-01 -5.011383568178650272e+00
-1.278108351471354265e+00 1.049834786621687277e+00 -5.049902871084149147e+00
-1.702428208227082518e+00 9.412854441068305711e-01 -5.204799238628204705e+00
-1.542707036301827594e+00 6.491481424930490851e-01 -5.143884303187770790e+00
-1.124377497870764797e+00 7.610528192832198835e-01 -5.000464142864464279e+00
-1.219350889878221711e+00 1.041487144353825833e+00 -5.001670442961282603e+00
-1.698252390405931012e+00 9.763365948940710970e-01 -5.193392764906211490e+00
-1.600634105725076362e+00 6.514797996977771399e-01 -5.178610788057622649e+00
-1.118990394530344545e+00 7.188206269815766714e-01 -4.979042316687017689e+00
-1.157466128319118326e+00 1.034134410459243369e+00 -4.947168180431273932e+00
-1.702162572987326650e+00 1.014126897729903609e+00 -5.204093746406933008e+00
-1.643729626260295618e+00 6.470018540834062692e-01 -5.169958510773287941e+00
-1.124684297620649476e+00 6.862543795400801727e-01 -5.001647681850704963e+00
7.225207739851597921e-01 -1.545203551049327828e-01 -4.199735396331905513e+00
2.619662661325521946e-01 -1.536214812302951205e-01 -4.370898297432784574e+00
2.595059824993228847e-01 -8.028648851062063496e-01 -4.338036751110861289e+00
7.238407483986818436e-01 -8.116643178472755515e-01 -4.206855657160573969e+00
3.051275467693024268e-01 -1.535013481633811516e-01 -4.363425095317970737e+00
2.638614791275561422e-01 -7.566005041104431061e-01 -4.398682137074750642e+00
6.795981918304190295e-01 -8.070478576327870801e-01 -4.199698464210038118e+00
7.227802380381794789e-01 -2.135163848441168910e-01 -4.201073417551140388e+00
3.478065511794118381e-01 -1.532059817155940473e-01 -4.351623669948535778e+00
2.591660378060705039e-01 -6.850224468972697656e-01 -4.333031359339138078e+00
6.356150723002660374e-01 -8.053981606564638573e-01 -4.213708689203222058e+00
7.229097222726738048e-01 -2.725073209057649049e-01 -4.201767169802135271e+00
3.941525173863383302e-01 -1.565598174359287276e-01 -4.375948450334838036e+00
2.583459545019549108e-01 -6.227994297860870443e-01 -4.321453740197475746e+00
5.975566249207977521e-01 -8.107286965294749903e-01 -4.242115093626066979e+00
7.189807701887147573e-01 -3.313228928274303819e-01 -4.182345808276653365e+00
4.354692081589695007e-01 -1.557595015385728754e-01 -4.351971901498668416e+00
2.633712027250478260e-01 -5.753473873388359472e-01 -4.391437809534558312e+00
5.499962398462553415e-01 -8.024910519732597614e-01 -4.226119626197818668e+00
7.184349740054521982e-01 -3.896729499667447860e-01 -4.179691754555978633e+00
4.762276952570115296e-01 -1.549247337324332063e-01 -4.327202288498112281e+00
2.626945002311432131e-01 -5.128232127350278446e-01 -4.381859369446235775e+00
5.046373669767698633e-01 -7.953743754617077499e-01 -4.207371584384195451e+00
7.240006462920267616e-01 -4.537904402416894079e-01 -4.207333599486393183e+00
5.076047937653760389e-01 -1.510164817888272615e-01 -4.227549687100180975e+00
2.570357722589401983e-01 -4.440399897853881672e-01 -4.302779599215527107e+00
4.727195544177730802e-01 -8.131448373265224294e-01 -4.300964364624176639e+00
7.238330298650151873e-01 -5.127204322753067256e-01 -4.206554679125851237e+00
5.447285167828310737e-01 -1.513107156077676263e-01 -4.191031266133702360e+00
2.627411737667969538e-01 -3.945709453857063620e-01 -4.382245441660998608e+00
4.312948902734821122e-01 -8.119732290877609282e-01 -4.317486937970229199e+00
7.183146781995001229e-01 -5.691001234106087825e-01 -4.179252913537506942e+00
5.993346015425627948e-01 -1.540498042840764414e-01 -4.252174575478607110e+00
2.620189039361947025e-01 -3.325870344827642766e-01 -4.372032790665342894e+00
3.847505757821161887e-01 -8.026492043036174140e-01 -4.288497403715503253e+00
7.178761877043617901e-01 -6.273169109050170666e-01 -4.177130607009703844e+00
6.379288406874924489e-01 -1.531447354774332914e-01 -4.226125193616521614e+00
2.613680944805077955e-01 -2.710002807189823004e-01 -4.362817834320666499e+00
3.486502492752934779e-01 -8.157821743245532442e-01 -4.361672857127254055e+00
7.174548623990635310e-01 -6.854809052992100193e-01 -4.175093329385298091e+00
6.824879786101972767e-01 -1.528485694212231016e-01 -4.214305292957383209e+00
2.622748828106996610e-01 -2.147838163450990490e-01 -4.375339348050403032e+00
3.019576975229985027e-01 -8.051748485529743871e-01 -4.326595108151435554e+00
7.242036660317883179e-01 -7.529941033940735773e-01 -4.208602880857310602e+00
1.060515590752263870e+00 1.249783106112844155e+00 -3.787366662177359622e+00
4.392671192389070445e-01 1.241629565458784112e+00 -3.992500490466063034e+00
4.440564979201878093e-01 5.957158520177169292e-01 -4.029741901752964317e+00
1.063225968078708616e+00 5.952407989172202596e-01 -3.795896876416800403e+00
5.001158795230732368e-01 1.253462732503209276e+00 -4.004094019024557305e+00
4.429608895105518473e-01 6.549913831651151819e-01 -4.021335944670443752e+00
1.001048979934135774e+00 5.921870598241556483e-01 -3.803757567433779574e+00
1.057460791301862102e+00 1.186779168006784513e+00 -3.778219258976625472e+00
5.568014255556464898e-01 1.253018184153522618e+00 -3.977710747576517214e+00
4.418916298639739559e-01 7.140132198460767965e-01 -4.013130648380575316e+00
9.446982804685283286e-01 5.930843502828706537e-01 -3.825135106525738404e+00
1.059062848491006736e+00 1.127552031381078290e+00 -3.783070324965690290e+00
6.075410874338574851e-01 1.245432113826223208e+00 -3.942047425546499451e+00
4.394880993820259318e-01 7.669582861999406642e-01 -3.994788524372225424e+00
8.855223964652316759e-01 5.900267770961696856e-01 -3.832822230761976368e+00
1.062032484570922142e+00 1.072865742825137136e+00 -3.792030232195777728e+00
6.673470565899679574e-01 1.249911986871925285e+00 -3.929346668464336556e+00
4.385692220158328158e-01 8.255096803220121071e-01 -3.987727199248949805e+00
8.359279340686368576e-01 5.923798648105987885e-01 -3.870582944112023416e+00
1.063633762541492001e+00 1.013197940988896706e+00 -3.796879095801693804e+00
7.258622036982674830e-01 1.254352359866380384e+00 -3.920855030322910828e+00
4.417841231592972151e-01 8.904194190476281134e-01 -4.012087277712192090e+00
7.750106844487936186e-01 5.884884579629424683e-01 -3.873872598677834400e+00
1.060594246542723162e+00 9.507124661272041699e-01 -3.787777493317853850e+00
7.733691573336503033e-01 1.241085883452570426e+00 -3.866470448919847147e+00
4.408408771691069150e-01 9.489796287866332225e-01 -4.004840700293409661e+00
7.246687285909636511e-01 5.949374815053901644e-01 -3.915963639668473384e+00
1.057639310778945685e+00 8.886328166686970897e-01 -3.778929657877651227e+00
8.359541124221369079e-01 1.250087146274314831e+00 -3.870212392290450332e+00
4.399616108957754568e-01 1.007428111840946050e+00 -3.998080708347595547e+00
6.717914176798854831e-01 5.967929546540625685e-01 -3.951945791572109457e+00
1.064995820305948637e+00 8.352918144136954881e-01 -3.801077683857996714e+00
8.919685360474221003e-01 1.252172265032917009e+00 -3.855846550888339053e+00
4.428390472515276732e-01 1.072990853187157256e+00 -4.019874039342702154e+00
6.086268922360519307e-01 5.916611032040528517e-01 -3.948593135578899016e+00
1.062052542595291582e+00 7.733022700125923299e-01 -3.792265220033297357e+00
9.428945956660093053e-01 1.245089709882178708e+00 -3.818566363732932345e+00
4.419405114682118940e-01 1.131421826857736956e+00 -4.012967592681645712e+00
5.538295290004469074e-01 5.908082075675277212e-01 -3.960552137335247913e+00
1.059279079654314559e+00 7.117504099879720103e-01 -3.783962716535824722e+00
1.001045692481866256e+00 1.246838600950476161e+00 -3.803346103741588102e+00
4.445823057261740763e-01 1.197375951699308994e+00 -4.032968710548357372e+00
5.040294656052494160e-01 6.005115337793257568e-01 -4.031154008233760244e+00
1.060755725282074291e+00 6.516228939748448523e-01 -3.788437328104461432e+00
1.277573513865429389e+00 1.105542047760951441e+00 -3.671898334554901222e+00
6.938529794842641651e-01 1.111833847664647656e+00 -3.900232736043160564e+00
6.909201960462794112e-01 6.579260973406444446e-01 -3.886751391122337473e+00
1.279170590893653259e+00 6.581351182422425783e-01 -3.675969379416312410e+00
7.420781706948610390e-01 1.105015789058025888e+00 -3.864121422024374031e+00
6.926289009483397319e-01 7.017630899514996079e-01 -3.894792155934500677e+00
1.226429260042935177e+00 6.574565496649339424e-01 -3.693959638880426777e+00
1.277037763795485503e+00 1.064911244974380278e+00 -3.670626565613579029e+00
7.991900727667397009e-01 1.108994242478696046e+00 -3.854341488733795451e+00
6.929329102461705414e-01 7.408855803677670826e-01 -3.896196323422151497e+00
1.174898330278571823e+00 6.599164581366917526e-01 -3.720399979732674556e+00
1.276517257104079484e+00 1.024325473424866795e+00 -3.669391511353978341e+00
8.473990842591428985e-01 1.103167393165379151e+00 -3.817158873854641588e+00
6.947021783638689385e-01 7.851048082855568433e-01 -3.904522878034063726e+00
1.120073172190940713e+00 6.585888767382244158e-01 -3.735642188238174732e+00
1.280270732329767736e+00 9.855996915281158843e-01 -3.678460668217197416e+00
8.968212127734029870e-01 1.096820566658671225e+00 -3.782942480227625914e+00
6.903241198039216098e-01 8.204000899772970756e-01 -3.883796644025080624e+00
1.064339648335475674e+00 6.569000665744705314e-01 -3.749265967689213497e+00
1.279730784940548816e+00 9.449314630252044767e-01 -3.677178844182495077e+00
9.613518909179317173e-01 1.110190644339817512e+00 -3.801035912428170072e+00
6.921052488241881129e-01 8.646837810452369100e-01 -3.892179298036897883e+00
1.012998929543130755e+00 6.600855868631728685e-01 -3.777593132206819693e+00
1.279208134660662743e+00 9.043085217626219974e-01 -3.675938688117233788e+00
1.004511256588362489e+00 1.099625894926185010e+00 -3.750719794988746081e+00
6.924527912211567715e-01 9.039010924615796805e-01 -3.893789154547682152e+00
9.617157246319267827e-01 6.621445839867720062e-01 -3.802528892623027623e+00
1.278706144955640500e+00 8.637315021771087009e-01 -3.674748308039293310e+00
1.064724284369196639e+00 1.106617760023853148e+00 -3.750145587385836254e+00
6.942258782161544461e-01 9.485042012265298972e-01 -3.902133378189276414e+00
8.982812337138090797e-01 6.547586628987304147e-01 -3.788406068426951379e+00
1.282203636650383505e+00 8.242989574454615553e-01 -3.683200445364567699e+00
1.118355137237331709e+00 1.105131402649778494e+00 -3.730581745476863720e+00
6.899982110376674527e-01 9.829641961181663223e-01 -3.882118919014919900e+00
8.491246260113539668e-01 6.574538336312847342e-01 -3.824002450408550580e+00
1.276684524484415606e+00 7.787912672158492366e-01 -3.669915587447665661e+00
1.177100921581118120e+00 1.110715065075500441e+00 -3.726021075030228502e+00
6.963039243386245358e-01 1.032746538448843454e+00 -3.911885648317342756e+00
7.942242081016518407e-01 6.550795314174975292e-01 -3.834542247674537663e+00
1.276298614037734813e+00 7.384060447166883590e-01 -3.669004899717070334e+00
1.226407568678511195e+00 1.107976786971127892e+00 -3.693674872990707403e+00
6.921300692119278786e-01 1.066920707490308873e+00 -3.892126015593445842e+00
7.385309557722120610e-01 6.549007200530627681e-01 -3.848955281428105835e+00
1.279599487784326417e+00 6.986091353874125387e-01 -3.676983587232411921e+00
1.156125544578940234e+00 1.936118360429617269e-02 -3.693739921216472766e+00
6.816473455716143270e-01 1.851261576866239725e-02 -3.829394440151732582e+00
6.807388924256705387e-01 -6.353341910013274862e-01 -3.825671120831205752e+00
1.156901161221214558e+00 -6.431350129283335271e-01 -3.696171738361597736e+00
7.301711779585280393e-01 1.860624678719179428e-02 -3.842933909059007114e+00
6.861998391136102660e-01 -5.806752042513112499e-01 -3.851311406391572767e+00
1.107125874632901574e+00 -6.394450817146137833e-01 -3.691804311104903036e+00
1.156368954599160448e+00 -4.019706464122338452e-02 -3.694424105815859782e+00
7.700494497610078648e-01 1.990316075946086880e-02 -3.812231257891104619e+00
6.815369803444005781e-01 -5.170797880686062165e-01 -3.829325609668736696e+00
1.065384942503420085e+00 -6.407992126025092716e-01 -3.710089416495532255e+00
1.155604623895591931e+00 -1.011230619266471481e-01 -3.692409588402856269e+00
8.172594250293524487e-01 1.996636823454033330e-02 -3.819067007319677298e+00
6.865324771659901959e-01 -4.611122391949382116e-01 -3.852774988907549325e+00
1.024725992919125472e+00 -6.414991948641367570e-01 -3.727180972853398000e+00
1.156372589750471969e+00 -1.626012190346511899e-01 -3.694499429403697022e+00
8.559996011464584553e-01 1.979369346356033357e-02 -3.787695146067415308e+00
6.822065268389664316e-01 -3.984841718392391763e-01 -3.832375105140264804e+00
9.769985040171322854e-01 -6.376091422911912554e-01 -3.728918449478883179e+00
1.155928329907436991e+00 -2.220822036930893695e-01 -3.693341229312005591e+00
9.018661139865533638e-01 1.982533473099559046e-02 -3.789433778612036008e+00
6.819141674440083456e-01 -3.371114461788022321e-01 -3.830948311726449784e+00
9.388171421285317342e-01 -6.388424493195136167e-01 -3.756059874350102135e+00
1.155240842255514266e+00 -2.814602627110773247e-01 -3.691531315330756513e+00
9.392819140031103409e-01 1.964681287432839749e-02 -3.757199190085874108e+00
6.825943633998242666e-01 -2.795519148400515408e-01 -3.834099118947781104e+00
9.012185326115159656e-01 -6.442339779426927704e-01 -3.787590168119451040e+00
1.157302394676570811e+00 -3.434198608383107754e-01 -3.697086425086843153e+00
9.761091517390328987e-01 1.947231209103734637e-02 -3.725671414077125210e+00
6.822444321938356815e-01 -2.181802654191142277e-01 -3.832401527761882143e+00
8.567425181130957634e-01 -6.406680869773041520e-01 -3.790909490620983480e+00
1.156627270498692628e+00 -4.028030829825345327e-01 -3.695309815463111214e+00
1.025498838032269155e+00 1.951611865654632322e-02 -3.729146879206340692e+00
6.825313040463086844e-01 -1.603889342156995801e-01 -3.833701920202891245e+00
8.122947086999957600e-01 -6.396768253427974615e-01 -3.800067009361673076e+00
1.155748966576666925e+00 -4.620381570851859188e-01 -3.692988748071202476e+00
1.060997683360695776e+00 1.933670294906690568e-02 -3.696910204685766477e+00
6.820997114138899198e-01 -9.907439581326336897e-02 -3.831620273573664637e+00
7.726192891809100516e-01 -6.419458475390146246e-01 -3.823399381256201934e+00
1.154696468111503060e+00 -5.211069448842284846e-01 -3.690200866443679839e+00
1.108922652490331950e+00 1.935599966269527933e-02 -3.696459887557721924e+00
6.819051840867557113e-01 -4.122052251557940111e-02 -3.830656122340160064e+00
7.312986091255093690e-01 -6.425701684189076834e-01 -3.848438795370400900e+00
1.157948062796385402e+00 -5.840578875270718839e-01 -3.698944462525750598e+00
-4.960720562971148162e-01 -7.531778859515381175e-01 -4.233636087189526442e+00
-1.124255620654825538e+00 -7.558686540032157897e-01 -4.476971117175557069e+00
-1.116074859612661063e+00 -1.174700134813199570e+00 -4.448206556527673605e+00
-5.002088944580520558e-01 -1.189293166188408302e+00 -4.264331912722519213e+00
-1.054668075116231840e+00 -7.463090604849075271e-01 -4.413960624179458669e+00
-1.122029967040169218e+00 -1.143798931480986880e+00 -4.469036310400625212e+00
-5.529922178476119887e-01 -1.177640441418939865e+00 -4.251787323070955971e+00
-4.977138213756796548e-01 -7.934966632979496559e-01 -4.245952322233208065e+00
-1.008494751624793073e+00 -7.537130849345330397e-01 -4.427150154192523779e+00
-1.118859318858533181e+00 -1.101204126508939396e+00 -4.457969565415522695e+00
-6.125022762998458825e-01 -1.182416058528979130e+00 -4.283948968227303311e+00
-4.939203826911629513e-01 -8.263579783897042619e-01 -4.217367278627182969e+00
-9.557042159032310691e-01 -7.563976874937838879e-01 -4.424077470561851300e+00
-1.115695045067111479e+00 -1.058839051630587003e+00 -4.446924917832622448e+00
-6.670272621503839927e-01 -1.180573192206592958e+00 -4.295277557252953571e+00
-4.955101157157201230e-01 -8.666755555517693388e-01 -4.229291902495846855e+00
-8.974354691701184050e-01 -7.560847200814340141e-01 -4.397723888579039730e+00
-1.128353348595083627e+00 -1.031890900129633692e+00 -4.491185474445951620e+00
-7.272319008451045841e-01 -1.183184984980774068e+00 -4.332691120328679979e+00
-4.919976726757281926e-01 -8.992807164932665742e-01 -4.202822072639068374e+00
-8.401308931765634203e-01 -7.560786520880103945e-01 -4.373183824433128919e+00
-1.125139085714599307e+00 -9.893684964854835284e-01 -4.479966389748320843e+00
-7.824445962028788726e-01 -1.181251693753819110e+00 -4.343988559062441190e+00
-5.002802405015942533e-01 -9.548245958959304946e-01 -4.265105782690534753e+00
-7.837223318542616557e-01 -7.563897698723778262e-01 -4.350475437135903789e+00
-1.121949207344229205e+00 -9.470935494649852515e-01 -4.468832352851951129e+00
-8.396497084421874479e-01 -1.184172426764518615e+00 -4.370744229462340869e+00
-4.967602631221796350e-01 -9.872297036185155861e-01 -4.238579520333394690e+00
-7.230110787296053498e-01 -7.511288303851172410e-01 -4.310874522192851721e+00
-1.118799049465955875e+00 -9.050759767594255267e-01 -4.457836959098334439e+00
-8.892097455670000539e-01 -1.173864337717165363e+00 -4.362116084334124011e+00
-4.981210309132507175e-01 -1.027790194917241884e+00 -4.248780528748199892e+00
-6.648548820024646755e-01 -7.488378281754610732e-01 -4.283299926548707504e+00
-1.124728409575163068e+00 -8.725986226804076651e-01 -4.478577324801835680e+00
-9.541032744663857645e-01 -1.183887900775681734e+00 -4.417362771191880810e+00
-4.948601717582402082e-01 -1.060028186537624872e+00 -4.224204714933362581e+00
-6.136676074727341890e-01 -7.553058524548333930e-01 -4.291463590824474039e+00
-1.121585783415982585e+00 -8.307047557981326324e-01 -4.467608285459087725e+00
-1.013797194217332720e+00 -1.187612658164897139e+00 -4.447382635336486700e+00
-4.961860667464514374e-01 -1.100576392974001338e+00 -4.234143271057405400e+00
-5.543335485821224706e-01 -7.540067366114180381e-01 -4.261248485978956779e+00
-1.118521682770404757e+00 -7.890883706007338905e-01 -4.456913517332286467e+00
-1.064157937631932560e+00 -1.182538630228266774e+00 -4.448588621763380324e+00
-4.931587884903939623e-01 -1.132687567330288303e+00 -4.211325656962045194e+00
