-5.600000000008782841e+00 3.860000000006058940e+01 -2.000000000003136336e+02
-6.116071428571641100e-01 8.616071428571746571e-01 -4.464285714285868956e+00
-6.116071428571637769e-01 5.089285714285903817e-01 -4.464285714285867179e+00
-5.600000000008681589e+00 2.280000000003540706e+01 -2.000000000003100524e+02
-6.225490196078670158e-01 9.460784313725870698e-01 -4.901960784313914132e+00
-6.116071428571638879e-01 5.401785714285918250e-01 -4.464285714285868956e+00
-1.520000000000471196e+00 4.560000000001426024e+00 -4.000000000001239897e+01
-5.600000000008772183e+00 3.700000000005802292e+01 -2.000000000003132925e+02
-6.358695652174183310e-01 1.048913043478307383e+00 -5.434782608695885031e+00
-6.116071428571637769e-01 5.758928571428785226e-01 -4.464285714285868956e+00
-1.066666666666850505e+00 2.533333333333776860e+00 -2.222222222222605126e+01
-5.600000000008759748e+00 3.560000000005575060e+01 -2.000000000003128662e+02
-6.545454545454856277e-01 1.169696969697026967e+00 -6.060606060606349210e+00
-6.116071428571642210e-01 6.071428571428797438e-01 -4.464285714285868067e+00
-8.923076923077983835e-01 1.753846153846366995e+00 -1.538461538461721645e+01
-5.600000000008757972e+00 3.420000000005354934e+01 -2.000000000003127809e+02
-6.758620689655535640e-01 1.331034482758694626e+00 -6.896551724138302752e+00
-6.116071428571642210e-01 6.383928571428807430e-01 -4.464285714285870732e+00
-8.000000000000730971e-01 1.341176470588361314e+00 -1.176470588235401493e+01
-5.600000000008743761e+00 3.280000000005128413e+01 -2.000000000003122693e+02
-7.040000000000440350e-01 1.544000000000099071e+00 -8.000000000000500933e+00
-6.116071428571643320e-01 6.696428571428819643e-01 -4.464285714285869844e+00
-7.428571428571979496e-01 1.085714285714368676e+00 -9.523809523810223610e+00
-5.600000000008732215e+00 3.140000000004902247e+01 -2.000000000003118714e+02
-7.428571428571985047e-01 1.838095238095379003e+00 -9.523809523810236044e+00
-6.116071428571641100e-01 7.008928571428827414e-01 -4.464285714285868956e+00
-7.040000000000438130e-01 9.120000000000587637e-01 -8.000000000000493827e+00
-5.600000000008728662e+00 3.000000000004681411e+01 -2.000000000003116725e+02
-8.000000000000739853e-01 2.270588235294330737e+00 -1.176470588235402559e+01
-6.116071428571639990e-01 7.321428571428842957e-01 -4.464285714285870732e+00
-6.758620689655534530e-01 7.862068965517684527e-01 -6.896551724138303641e+00
-5.600000000008717116e+00 2.860000000004459153e+01 -2.000000000003113314e+02
-8.923076923078002709e-01 2.969230769231131717e+00 -1.538461538461724132e+01
-6.116071428571639990e-01 7.633928571428854060e-01 -4.464285714285870732e+00
-6.545454545454852946e-01 6.909090909091253341e-01 -6.060606060606344769e+00
-5.600000000008704681e+00 2.720000000004234408e+01 -2.000000000003108767e+02
-1.066666666666852281e+00 4.288888888889642814e+00 -2.222222222222609744e+01
-6.116071428571644431e-01 7.946428571428861831e-01 -4.464285714285870732e+00
-6.358695652174182200e-01 6.195652173913323013e-01 -5.434782608695882367e+00
-5.600000000008702905e+00 2.580000000004016769e+01 -2.000000000003108482e+02
-1.520000000000476081e+00 7.720000000002433360e+00 -4.000000000001254108e+01
-6.116071428571642210e-01 8.258928571428870713e-01 -4.464285714285868956e+00
-6.225490196078666827e-01 5.588235294117875895e-01 -4.901960784313912356e+00
-5.600000000008693135e+00 2.420000000003763319e+01 -2.000000000003104788e+02
-4.562607204116582160e-01 4.699828473413316110e-01 1.715265866209241707e+00
-4.297520661156938315e-01 7.548209366391028796e-01 2.754820936639063689e+00
-4.297520661156938870e-01 9.504132231404758269e-01 2.754820936639061912e+00
-4.562607204116579385e-01 5.917667238421874254e-01 1.715265866209241485e+00
-4.334203655352397155e-01 7.154046997388889828e-01 2.610966057441202803e+00
-4.297520661156939425e-01 9.311294765840029131e-01 2.754820936639063245e+00
-4.547069271758377718e-01 6.127886323268124658e-01 1.776198934280616371e+00
-4.562607204116582160e-01 4.802744425385870319e-01 1.715265866209241485e+00
-4.367245657568160078e-01 6.799007444168606584e-01 2.481389578163727627e+00
-4.297520661156937205e-01 9.146005509641680353e-01 2.754820936639062356e+00
-4.530386740331431850e-01 6.353591160220906087e-01 1.841620626150988205e+00
-4.562607204116578274e-01 4.905660377358425084e-01 1.715265866209241041e+00
-4.397163120567301187e-01 6.477541371158272998e-01 2.364066193853386455e+00
-4.297520661156939981e-01 8.953168044076952325e-01 2.754820936639063689e+00
-4.512428298279095307e-01 6.596558317399523474e-01 1.912045889101311680e+00
-4.562607204116580495e-01 5.025728987993069996e-01 1.715265866209240597e+00
-4.424379232505569193e-01 6.185101580135330401e-01 2.257336343115085686e+00
-4.297520661156942201e-01 8.787878787878604658e-01 2.754820936639063689e+00
-4.493041749502917903e-01 6.858846918488961109e-01 1.988071570576511737e+00
-4.562607204116581605e-01 5.128644939965626426e-01 1.715265866209240597e+00
-4.449244060475091023e-01 5.917926565874628286e-01 2.159827213822859360e+00
-4.297520661156941091e-01 8.595041322313874410e-01 2.754820936639063689e+00
-4.472049689440927844e-01 7.142857142857029773e-01 2.070393374741170245e+00
-4.562607204116582160e-01 5.248713550600273559e-01 1.715265866209241485e+00
-4.472049689440924514e-01 5.672877846790798095e-01 2.070393374741168913e+00
-4.297520661156938315e-01 8.429752066115524523e-01 2.754820936639063245e+00
-4.449244060475093798e-01 7.451403887688858863e-01 2.159827213822859804e+00
-4.562607204116582715e-01 5.351629502572827768e-01 1.715265866209240819e+00
-4.493041749502917903e-01 5.447316103379638008e-01 1.988071570576512404e+00
-4.297520661156939425e-01 8.236914600550789833e-01 2.754820936639062801e+00
-4.424379232505571413e-01 7.787810383747044707e-01 2.257336343115087463e+00
-4.562607204116581605e-01 5.471698113207471570e-01 1.715265866209240375e+00
-4.512428298279095307e-01 5.239005736137588576e-01 1.912045889101311458e+00
-4.297520661156936095e-01 8.071625344352446607e-01 2.754820936639062356e+00
-4.397163120567299521e-01 8.156028368794179251e-01 2.364066193853386899e+00
-4.562607204116582160e-01 5.574614065180029110e-01 1.715265866209241485e+00
-4.530386740331432405e-01 5.046040515653700265e-01 1.841620626150987761e+00
-4.297520661156939425e-01 7.878787878787713028e-01 2.754820936639062356e+00
-4.367245657568160633e-01 8.560794044664853386e-01 2.481389578163728515e+00
-4.562607204116581605e-01 5.694682675814679573e-01 1.715265866209241707e+00
-4.547069271758378273e-01 4.866785079928883651e-01 1.776198934280615926e+00
-4.297520661156938315e-01 7.713498622589369802e-01 2.754820936639062801e+00
-4.334203655352399931e-01 9.007832898172148939e-01 2.610966057441205024e+00
-4.562607204116582715e-01 5.797598627787232672e-01 1.715265866209241485e+00
-3.663366336633522291e-01 -7.475247524752199890e-01 4.950495049504757716e+00
4.642857142855851826e-01 -5.392857142855652874e+00 3.571428571427577481e+01
4.642857142855874031e-01 -1.321428571428220788e+00 3.571428571427593823e+01
-3.663366336633524512e-01 -1.831683168316775856e-01 4.950495049504762157e+00
1.136363636363435792e-01 -3.431818181817583469e+00 2.272727272726870851e+01
4.642857142855869035e-01 -1.714285714285254558e+00 3.571428571427591692e+01
-3.548387096774047178e-01 -1.989247311827890274e-01 5.376344086021284774e+00
-3.663366336633521736e-01 -6.930693069306674836e-01 4.950495049504758605e+00
-3.389830508474130782e-02 -2.559322033897972304e+00 1.694915254237064417e+01
4.642857142855867925e-01 -2.071428571428012955e+00 3.571428571427590271e+01
-3.411764705882198712e-01 -2.176470588235212833e-01 5.882352941176204553e+00
-3.663366336633523401e-01 -6.435643564356204882e-01 4.950495049504760381e+00
-1.333333333333197035e-01 -2.013333333333128028e+00 1.333333333333194837e+01
4.642857142855863484e-01 -2.428571428570771573e+00 3.571428571427589560e+01
-3.225806451612743819e-01 -2.387096774193449289e-01 6.451612903225488083e+00
-3.663366336633521736e-01 -5.940594059405726046e-01 4.950495049504758605e+00
-1.978021978021809735e-01 -1.659340659340519997e+00 1.098901098901004225e+01
4.642857142855863484e-01 -2.785714285713528415e+00 3.571428571427588139e+01
-3.021582733812783750e-01 -2.661870503596995841e-01 7.194244604316152092e+00
-3.663366336633522291e-01 -5.396039603960203213e-01 4.950495049504759493e+00
-2.429906542055896290e-01 -1.411214953270928163e+00 9.345794392522684291e+00
4.642857142855866814e-01 -3.178571428570562407e+00 3.571428571427587428e+01
-2.764227642276248509e-01 -3.008130081300648961e-01 8.130081300812502576e+00
-3.663366336633524512e-01 -4.900990099009726597e-01 4.950495049504760381e+00
-2.764227642276246844e-01 -1.227642276422689083e+00 8.130081300812491918e+00
4.642857142855857377e-01 -3.535714285713319249e+00 3.571428571427584586e+01
-2.429906542055900454e-01 -3.457943925233424309e-01 9.345794392522691396e+00
-3.663366336633523401e-01 -4.405940594059250537e-01 4.950495049504759493e+00
-3.021582733812779309e-01 -1.086330935251739627e+00 7.194244604316142322e+00
4.642857142855857377e-01 -3.892857142856076980e+00 3.571428571427583876e+01
-1.978021978021812233e-01 -4.065934065933755059e-01 1.098901098901006179e+01
-3.663366336633522291e-01 -3.861386138613728813e-01 4.950495049504761269e+00
-3.225806451612739933e-01 -9.741935483870495238e-01 6.451612903225482754e+00
4.642857142855856267e-01 -4.285714285713109639e+00 3.571428571427582455e+01
-1.333333333333197590e-01 -4.933333333332869386e-01 1.333333333333197146e+01
-3.663366336633524512e-01 -3.366336633663253308e-01 4.950495049504762157e+00
-3.411764705882193716e-01 -8.882352941176078209e-01 5.882352941176200112e+00
4.642857142855854047e-01 -4.642857142855866037e+00 3.571428571427580323e+01
-3.389830508474138415e-02 -6.271186440677203322e-01 1.694915254237068325e+01
-3.663366336633522846e-01 -2.871287128712775583e-01 4.950495049504762157e+00
-3.548387096774047733e-01 -8.118279569892148384e-01 5.376344086021280333e+00
4.642857142855855157e-01 -4.999999999998624212e+00 3.571428571427579612e+01
1.136363636363436763e-01 -8.409090909089509402e-01 2.272727272726876535e+01
-3.663366336633521736e-01 -2.376237623762300633e-01 4.950495049504762157e+00
-4.558359621451051891e-01 5.189274447949463465e-01 1.577287066246038982e+00
-4.292803970223250110e-01 8.163771712158653937e-01 2.481389578163726739e+00
-4.292803970223249554e-01 1.029776674937946224e+00 2.481389578163728071e+00
-4.558359621451053001e-01 6.545741324921060533e-01 1.577287066246038760e+00
-4.339622641509358059e-01 7.759433962264015161e-01 2.358490566037696468e+00
-4.292803970223250665e-01 1.012406947890800213e+00 2.481389578163727183e+00
-4.535073409461612970e-01 6.769983686786213983e-01 1.631321370309931629e+00
-4.558359621451052446e-01 5.315457413249146112e-01 1.577287066246038316e+00
-4.359550561797681523e-01 7.393258426966166086e-01 2.247191011235918356e+00
-4.292803970223248444e-01 9.925558312654901849e-01 2.481389578163727627e+00
-4.527027027026969686e-01 7.010135135135043827e-01 1.689189189189168383e+00
-4.558359621451054666e-01 5.441640378548834311e-01 1.577287066246038538e+00
-4.399141630901219346e-01 7.060085836909755219e-01 2.145922746781081969e+00
-4.292803970223248999e-01 9.727047146401807121e-01 2.481389578163728515e+00
-4.500875656742500119e-01 7.267950963222320482e-01 1.751313485113813684e+00
-4.558359621451050225e-01 5.567823343848512518e-01 1.577287066246039204e+00
-4.414784394250446664e-01 6.755646817248351921e-01 2.053388090349045125e+00
-4.292803970223248999e-01 9.528535980148706841e-01 2.481389578163726739e+00
-4.490909090909032120e-01 7.545454545454440831e-01 1.818181818181794585e+00
-4.558359621451053001e-01 5.694006309148191836e-01 1.577287066246038316e+00
-4.448818897637731862e-01 6.476377952755808520e-01 1.968503937007845650e+00
-4.292803970223248999e-01 9.330024813895604341e-01 2.481389578163726739e+00
-4.461247637050979042e-01 7.844990548204047176e-01 1.890359168241939836e+00
-4.558359621451050780e-01 5.804416403785422895e-01 1.577287066246039426e+00
-4.461247637050977932e-01 6.219281663515978664e-01 1.890359168241940280e+00
-4.292803970223248444e-01 9.131513647642506282e-01 2.481389578163727627e+00
-4.448818897637733527e-01 8.169291338582559403e-01 1.968503937007847204e+00
-4.558359621451051891e-01 5.930599369085103323e-01 1.577287066246039204e+00
-4.490909090909031565e-01 5.981818181818099323e-01 1.818181818181794140e+00
-4.292803970223247334e-01 8.957816377171049504e-01 2.481389578163727627e+00
-4.414784394250449995e-01 8.521560574948535693e-01 2.053388090349045125e+00
-4.558359621451051891e-01 6.056782334384785971e-01 1.577287066246038760e+00
-4.500875656742500119e-01 5.761821366024441060e-01 1.751313485113813018e+00
-4.292803970223248444e-01 8.759305210917955886e-01 2.481389578163728071e+00
-4.399141630901220457e-01 8.905579399141491104e-01 2.145922746781083301e+00
-4.558359621451051891e-01 6.182965299684474170e-01 1.577287066246039648e+00
-4.527027027026973016e-01 5.557432432432360958e-01 1.689189189189168161e+00
-4.292803970223247889e-01 8.560794044664851166e-01 2.481389578163726739e+00
-4.359550561797683743e-01 9.325842696629058626e-01 2.247191011235918356e+00
-4.558359621451053556e-01 6.309148264984152377e-01 1.577287066246039204e+00
-4.535073409461610194e-01 5.367047308319671250e-01 1.631321370309932295e+00
-4.292803970223248444e-01 8.362282878411753106e-01 2.481389578163726295e+00
-4.339622641509359169e-01 9.787735849056430348e-01 2.358490566037695135e+00
-4.558359621451050225e-01 6.435331230283833914e-01 1.577287066246038538e+00
-3.749999999999881761e-01 1.344827586206853498e+00 4.310344827586071403e+00
-2.916666666668435770e+00 -2.600000000001573852e+01 -8.333333333338386240e+01
-2.916666666668409125e+00 -3.275000000001955414e+01 -8.333333333338313764e+01
-3.749999999999885092e-01 1.693965517241326157e+00 4.310344827586072292e+00
2.399999999998251976e+00 3.119999999997725126e+01 9.999999999992722621e+01
-2.916666666668414010e+00 -3.216666666668590580e+01 -8.333333333338327975e+01
-3.619047619047493503e-01 1.871428571428505494e+00 4.761904761904597549e+00
-3.749999999999881206e-01 1.374999999999956035e+00 4.310344827586072292e+00
4.062499999999078515e-01 9.749999999997776001e+00 3.124999999999289457e+01
-2.916666666668414898e+00 -3.158333333335225390e+01 -8.333333333338327975e+01
-3.457446808510506453e-01 2.090425531914812840e+00 5.319148936170010167e+00
-3.749999999999882316e-01 1.409482758620644205e+00 4.310344827586071403e+00
3.703703703703200428e-02 5.777777777776995194e+00 1.851851851851602504e+01
-2.916666666668419339e+00 -3.091666666668522012e+01 -8.333333333338343607e+01
-3.253012048192631123e-01 2.367469879517968501e+00 6.024096385541906962e+00
-3.749999999999883982e-01 1.439655172413747408e+00 4.310344827586073180e+00
-1.298701298701176454e-01 4.051948051947665164e+00 1.298701298701176121e+01
-2.916666666668420227e+00 -3.033333333335154336e+01 -8.333333333338342186e+01
-2.986111111110962835e-01 2.729166666666528851e+00 6.944444444444099140e+00
-3.749999999999884537e-01 1.469827586206849057e+00 4.310344827586072292e+00
-2.121212121211966395e-01 3.151515151514917790e+00 1.010101010100935959e+01
-2.916666666668422003e+00 -2.966666666668449537e+01 -8.333333333338347870e+01
-2.622950819671977518e-01 3.221311475409644576e+00 8.196721311474927774e+00
-3.749999999999883427e-01 1.504310344827538337e+00 4.310344827586072292e+00
-2.622950819671975298e-01 2.557377049180173945e+00 8.196721311474922445e+00
-2.916666666668426000e+00 -2.908333333335083992e+01 -8.333333333338354976e+01
-2.121212121211965007e-01 3.969696969696680178e+00 1.010101010100936847e+01
-3.749999999999884537e-01 1.534482758620641540e+00 4.310344827586074956e+00
-2.986111111110960614e-01 2.166666666666555052e+00 6.944444444444092035e+00
-2.916666666668426000e+00 -2.841666666668378483e+01 -8.333333333338364923e+01
-1.298701298701177842e-01 5.103896103895622538e+00 1.298701298701176832e+01
-3.749999999999886757e-01 1.568965517241329044e+00 4.310344827586073180e+00
-3.253012048192628902e-01 1.879518072289072972e+00 6.024096385541906074e+00
-2.916666666668427776e+00 -2.783333333335012938e+01 -8.333333333338369187e+01
3.703703703703229572e-02 7.277777777776806900e+00 1.851851851851606057e+01
-3.749999999999885647e-01 1.599137931034432247e+00 4.310344827586074068e+00
-3.457446808510504233e-01 1.659574468085040833e+00 5.319148936170007502e+00
-2.916666666668429553e+00 -2.725000000001645262e+01 -8.333333333338370608e+01
4.062499999999088507e-01 1.228124999999723244e+01 3.124999999999298339e+01
-3.749999999999883982e-01 1.633620689655120861e+00 4.310344827586073180e+00
-3.619047619047494613e-01 1.485714285714234029e+00 4.761904761904597549e+00
-2.916666666668432217e+00 -2.658333333334938686e+01 -8.333333333338376292e+01
2.399999999998276401e+00 3.929999999997173887e+01 9.999999999992817834e+01
-3.749999999999885647e-01 1.663793103448222732e+00 4.310344827586074068e+00
-4.609271523178760099e-01 2.927152317880761800e-01 1.324503311258264260e+00
-4.487632508833864775e-01 3.904593639575917874e-01 1.766784452296797259e+00
-4.487632508833864775e-01 6.130742049469882771e-01 1.766784452296797259e+00
-4.609271523178765095e-01 4.596026490066179582e-01 1.324503311258265370e+00
-4.493996569468210467e-01 3.790737564322418374e-01 1.715265866209241263e+00
-4.487632508833863110e-01 5.936395759717234544e-01 1.766784452296797037e+00
-4.607046070460658616e-01 4.701897018970139230e-01 1.355013550135487854e+00
-4.609271523178763430e-01 3.086092715231755768e-01 1.324503311258265148e+00
-4.509151414309429673e-01 3.677204658901782608e-01 1.663893510815287469e+00
-4.487632508833865330e-01 5.724381625441620214e-01 1.766784452296797259e+00
-4.590846047156682541e-01 4.812760055478453869e-01 1.386962552011081540e+00
-4.609271523178766206e-01 3.231788079470164776e-01 1.324503311258265148e+00
-4.530744336569523800e-01 3.576051779935228714e-01 1.618122977346258873e+00
-4.487632508833863665e-01 5.530035335688968656e-01 1.766784452296796371e+00
-4.580369843527690721e-01 4.935988620199095456e-01 1.422475106685618940e+00
-4.609271523178761765e-01 3.390728476821155413e-01 1.324503311258264926e+00
-4.535433070866090044e-01 3.480314960629877219e-01 1.574803149606280650e+00
-4.487632508833862555e-01 5.318021201413354326e-01 1.766784452296796815e+00
-4.577259475218608542e-01 5.058309037900815541e-01 1.457725947521849585e+00
-4.609271523178763985e-01 3.536423841059566087e-01 1.324503311258265370e+00
-4.555214723926331311e-01 3.389570552147198046e-01 1.533742331288326710e+00
-4.487632508833864775e-01 5.123674911660707210e-01 1.766784452296797037e+00
-4.559043348280965580e-01 5.186846038863913710e-01 1.494768310911792186e+00
-4.609271523178761765e-01 3.682119205297973430e-01 1.324503311258264704e+00
-4.559043348280965580e-01 3.303437967115057661e-01 1.494768310911792186e+00
-4.487632508833863665e-01 4.911660777385091770e-01 1.766784452296796593e+00
-4.555214723926329645e-01 5.322085889570488115e-01 1.533742331288325822e+00
-4.609271523178764540e-01 3.841059602648966842e-01 1.324503311258265370e+00
-4.577259475218612983e-01 3.221574344023285796e-01 1.457725947521851140e+00
-4.487632508833864220e-01 4.717314487632444653e-01 1.766784452296797259e+00
-4.535433070866091154e-01 5.464566929133790607e-01 1.574803149606281538e+00
-4.609271523178762320e-01 3.986754966887375295e-01 1.324503311258265370e+00
-4.580369843527690721e-01 3.143669985775212616e-01 1.422475106685618496e+00
-4.487632508833864775e-01 4.522968197879797536e-01 1.766784452296797037e+00
-4.530744336569526021e-01 5.614886731391515173e-01 1.618122977346258651e+00
-4.609271523178760099e-01 4.145695364238364267e-01 1.324503311258264704e+00
-4.590846047156681431e-01 3.065187239944488495e-01 1.386962552011081762e+00
-4.487632508833863110e-01 4.310954063604180431e-01 1.766784452296796593e+00
-4.509151414309428563e-01 5.773710482529044175e-01 1.663893510815287913e+00
-4.609271523178761210e-01 4.291390728476776051e-01 1.324503311258265148e+00
-4.607046070460659171e-01 2.994579945799424880e-01 1.355013550135487854e+00
-4.487632508833864775e-01 4.116607773851532204e-01 1.766784452296797037e+00
-4.493996569468213798e-01 5.951972555746064542e-01 1.715265866209241263e+00
-4.609271523178765095e-01 4.450331125827768908e-01 1.324503311258265370e+00
-4.129793510324387684e-01 -8.466076696165001358e-01 2.949852507374562727e+00
-3.071895424836441069e-01 -1.875816993463956805e+00 6.535947712417960354e+00
-3.071895424836443844e-01 -1.065359477124130594e+00 6.535947712417965683e+00
-4.129793510324391570e-01 -4.808259587020546899e-01 2.949852507374563171e+00
-3.235294117646909107e-01 -1.688235294117570673e+00 5.882352941176196559e+00
-3.071895424836444954e-01 -1.137254901960728093e+00 6.535947712417964794e+00
-4.068322981366361835e-01 -5.062111801242121789e-01 3.105590062111725835e+00
-4.129793510324387684e-01 -8.141592920353801777e-01 2.949852507374563615e+00
-3.422459893047980484e-01 -1.534759358288705799e+00 5.347593582887472330e+00
-3.071895424836444954e-01 -1.215686274509744091e+00 6.535947712417968347e+00
-4.032786885245797648e-01 -5.344262295081837477e-01 3.278688524590078757e+00
-4.129793510324388794e-01 -7.817109144542596644e-01 2.949852507374561839e+00
-3.546798029556511578e-01 -1.413793103448221400e+00 4.926108374384043920e+00
-3.071895424836442734e-01 -1.287581699346340924e+00 6.535947712417963906e+00
-3.958333333333229342e-01 -5.659722222222079990e-01 3.472222222222128618e+00
-4.129793510324387129e-01 -7.463126843657653664e-01 2.949852507374563171e+00
-3.665158371040592167e-01 -1.298642533936606114e+00 4.524886877827891674e+00
-3.071895424836444399e-01 -1.359477124182938645e+00 6.535947712417965683e+00
-3.911439114391030425e-01 -6.014760147601313500e-01 3.690036900368897310e+00
-4.129793510324390460e-01 -7.138643067846449641e-01 2.949852507374562727e+00
-3.755274261603249175e-01 -1.210970464134981661e+00 4.219409282700280706e+00
-3.071895424836442179e-01 -1.437908496731954422e+00 6.535947712417964794e+00
-3.818897637795155564e-01 -6.417322834645482477e-01 3.937007874015626463e+00
-4.129793510324390460e-01 -6.814159292035250060e-01 2.949852507374563615e+00
-3.818897637795156119e-01 -1.129921259842485481e+00 3.937007874015624243e+00
-3.071895424836443289e-01 -1.509803921568552143e+00 6.535947712417964794e+00
-3.755274261603250840e-01 -6.877637130801472765e-01 4.219409282700282482e+00
-4.129793510324386019e-01 -6.489675516224047147e-01 2.949852507374562727e+00
-3.911439114391029870e-01 -1.059040590405874394e+00 3.690036900368895534e+00
-3.071895424836438848e-01 -1.581699346405148532e+00 6.535947712417962130e+00
-3.665158371040594387e-01 -7.375565610859482479e-01 4.524886877827895226e+00
-4.129793510324388239e-01 -6.135693215339099726e-01 2.949852507374562283e+00
-3.958333333333223236e-01 -9.965277777777510337e-01 3.472222222222124177e+00
-3.071895424836442179e-01 -1.653594771241746697e+00 6.535947712417962130e+00
-3.546798029556515464e-01 -8.029556650246010285e-01 4.926108374384047472e+00
-4.129793510324386019e-01 -5.811209439527897924e-01 2.949852507374563171e+00
-4.032786885245797648e-01 -9.409836065573536912e-01 3.278688524590078757e+00
-3.071895424836442179e-01 -1.732026143790761363e+00 6.535947712417962130e+00
-3.422459893047988255e-01 -8.716577540106600352e-01 5.347593582887476771e+00
-4.129793510324392125e-01 -5.486725663716697232e-01 2.949852507374563615e+00
-4.068322981366359059e-01 -8.913043478260663788e-01 3.105590062111725835e+00
-3.071895424836443289e-01 -1.803921568627360639e+00 6.535947712417963906e+00
-3.235294117646910772e-01 -9.588235294117227747e-01 5.882352941176201000e+00
-4.129793510324385464e-01 -5.132743362831747591e-01 2.949852507374562727e+00
-9.189189189190184459e-01 4.581081081081579853e+00 -1.351351351351497598e+01
-5.945121951219656253e-01 1.033536585365879779e+00 -3.048780487804951811e+00
-5.945121951219657364e-01 8.292682926829481049e-01 -3.048780487804952699e+00
-9.189189189190175577e-01 3.675675675676074228e+00 -1.351351351351496355e+01
-6.032786885246063102e-01 1.111475409836096162e+00 -3.278688524590250619e+00
-5.945121951219657364e-01 8.475609756097776115e-01 -3.048780487804951811e+00
-8.163265306123113074e-01 2.775510204081861776e+00 -1.020408163265388701e+01
-9.189189189190178908e-01 4.500000000000489386e+00 -1.351351351351496888e+01
-6.099290780142015977e-01 1.202127659574503182e+00 -3.546099290780241997e+00
-5.945121951219654033e-01 8.689024390244124429e-01 -3.048780487804952255e+00
-7.583333333333833748e-01 2.266666666666819374e+00 -8.333333333333886372e+00
-9.189189189190180018e-01 4.418918918919398919e+00 -1.351351351351497065e+01
-6.216216216216412516e-01 1.308880308880350674e+00 -3.861003861003979409e+00
-5.945121951219657364e-01 8.871951219512423936e-01 -3.048780487804952255e+00
-7.152777777778172030e-01 1.888888888888995643e+00 -6.944444444444827447e+00
-9.189189189190175577e-01 4.337837837838310229e+00 -1.351351351351496888e+01
-6.313559322034112409e-01 1.436440677966151824e+00 -4.237288135593363592e+00
-5.945121951219654033e-01 9.054878048780717892e-01 -3.048780487804951367e+00
-6.867469879518401932e-01 1.638554216867550206e+00 -6.024096385542457632e+00
-9.189189189190181128e-01 4.256756756757220650e+00 -1.351351351351497421e+01
-6.478873239436863107e-01 1.591549295774708161e+00 -4.694835680751348050e+00
-5.945121951219655143e-01 9.237804878049012958e-01 -3.048780487804952255e+00
-6.631578947368695909e-01 1.431578947368482124e+00 -5.263157894737060083e+00
-9.189189189190177798e-01 4.175675675676131071e+00 -1.351351351351496888e+01
-6.631578947368699239e-01 1.784210526315866963e+00 -5.263157894737062747e+00
-5.945121951219656253e-01 9.420731707317312464e-01 -3.048780487804951811e+00
-6.478873239436859777e-01 1.276995305164368544e+00 -4.694835680751348050e+00
-9.189189189190178908e-01 4.094594594595039716e+00 -1.351351351351496710e+01
-6.867469879518401932e-01 2.042168674698894737e+00 -6.024096385542455856e+00
-5.945121951219657364e-01 9.603658536585607530e-01 -3.048780487804951811e+00
-6.313559322034110188e-01 1.152542372881395938e+00 -4.237288135593363592e+00
-9.189189189190175577e-01 4.013513513513951025e+00 -1.351351351351496710e+01
-7.152777777778174251e-01 2.354166666666799301e+00 -6.944444444444829223e+00
-5.945121951219657364e-01 9.786585365853902596e-01 -3.048780487804952255e+00
-6.216216216216408075e-01 1.050193050193083177e+00 -3.861003861003979853e+00
-9.189189189190175577e-01 3.932432432432858338e+00 -1.351351351351496355e+01
-7.583333333333838189e-01 2.825000000000191136e+00 -8.333333333333889925e+00
-5.945121951219655143e-01 9.969512195122203213e-01 -3.048780487804951811e+00
-6.099290780142014867e-01 9.645390070922271741e-01 -3.546099290780241553e+00
-9.189189189190178908e-01 3.851351351351768759e+00 -1.351351351351496355e+01
-8.163265306123115295e-01 3.459183673469672815e+00 -1.020408163265389412e+01
-5.945121951219655143e-01 1.015243902439050272e+00 -3.048780487804952255e+00
-6.032786885246060882e-01 8.918032786885493612e-01 -3.278688524590250619e+00
-9.189189189190174467e-01 3.756756756757163362e+00 -1.351351351351496355e+01
-5.527638190954838882e-01 -4.958123953098882430e-01 -1.675041876046921896e+00
-5.356321839080506741e-01 -3.402298850574740352e-01 -1.149425287356332426e+00
-5.356321839080504521e-01 -4.655172413793135511e-01 -1.149425287356330871e+00
-5.527638190954842212e-01 -6.783919597990025752e-01 -1.675041876046921230e+00
-5.372781065088803043e-01 -3.502958579881682022e-01 -1.183431952662731934e+00
-5.356321839080506741e-01 -4.551724137931068004e-01 -1.149425287356331538e+00
-5.507246376811659738e-01 -6.521739130434852649e-01 -1.610305958132063786e+00
-5.527638190954838882e-01 -5.125628140703573088e-01 -1.675041876046920786e+00
-5.378048780487854064e-01 -3.609756097561003241e-01 -1.219512195121962073e+00
-5.356321839080505631e-01 -4.436781609195435960e-01 -1.149425287356331316e+00
-5.479876160990773126e-01 -6.269349845201301896e-01 -1.547987616099088859e+00
-5.527638190954839992e-01 -5.293132328308267631e-01 -1.675041876046921674e+00
-5.396226415094389495e-01 -3.723270440251602031e-01 -1.257861635220137497e+00
-5.356321839080505631e-01 -4.321839080459801141e-01 -1.149425287356331316e+00
-5.469448584202742936e-01 -6.035767511177408950e-01 -1.490312965722818683e+00
-5.527638190954838882e-01 -5.460636515912957734e-01 -1.675041876046921674e+00
-5.408560311284099642e-01 -3.839169909208852149e-01 -1.297016861219208561e+00
-5.356321839080503411e-01 -4.206896551724166877e-01 -1.149425287356331316e+00
-5.445402298850631206e-01 -5.818965517241433405e-01 -1.436781609195416420e+00
-5.527638190954838882e-01 -5.628140703517648946e-01 -1.675041876046921452e+00
-5.415549597855278119e-01 -3.967828418230596177e-01 -1.340482573726554438e+00
-5.356321839080503411e-01 -4.091954022988534279e-01 -1.149425287356331093e+00
-5.436893203883549353e-01 -5.617198335644990603e-01 -1.386962552011109739e+00
-5.527638190954841102e-01 -5.795644891122342379e-01 -1.675041876046921452e+00
-5.436893203883547132e-01 -4.105409153952878643e-01 -1.386962552011109517e+00
-5.356321839080502301e-01 -3.977011494252900570e-01 -1.149425287356331316e+00
-5.415549597855282560e-01 -5.428954423592543543e-01 -1.340482573726555326e+00
-5.527638190954841102e-01 -5.963149078727035812e-01 -1.675041876046922118e+00
-5.445402298850634537e-01 -4.252873563218430575e-01 -1.436781609195417975e+00
-5.356321839080504521e-01 -3.862068965517270192e-01 -1.149425287356331982e+00
-5.408560311284099642e-01 -5.252918287937785591e-01 -1.297016861219207673e+00
-5.527638190954843322e-01 -6.130653266331730356e-01 -1.675041876046921896e+00
-5.469448584202741825e-01 -4.411326378539534576e-01 -1.490312965722817795e+00
-5.356321839080504521e-01 -3.747126436781635928e-01 -1.149425287356331316e+00
-5.396226415094386164e-01 -5.094339622641552712e-01 -1.257861635220137719e+00
-5.527638190954841102e-01 -6.298157453936419348e-01 -1.675041876046921452e+00
-5.479876160990774236e-01 -4.582043343653298684e-01 -1.547987616099089525e+00
-5.356321839080503411e-01 -3.632183908046003884e-01 -1.149425287356331093e+00
-5.378048780487850733e-01 -4.939024390243939022e-01 -1.219512195121961629e+00
-5.527638190954837771e-01 -6.465661641541109450e-01 -1.675041876046921452e+00
-5.507246376811658628e-01 -4.766505636070904606e-01 -1.610305958132064674e+00
-5.356321839080502301e-01 -3.517241379310367955e-01 -1.149425287356330871e+00
-5.372781065088804153e-01 -4.792899408284057583e-01 -1.183431952662731712e+00
-5.527638190954841102e-01 -6.633165829145801773e-01 -1.675041876046921674e+00
-4.135338345864584264e-01 5.012531328320644214e-02 2.506265664160353790e+00
-3.317307692307568945e-01 9.615384615384130196e-02 4.807692307692132516e+00
-3.317307692307572831e-01 7.884615384615092371e-01 4.807692307692136069e+00
-4.135338345864585374e-01 4.110275689222975259e-01 2.506265664160353346e+00
-3.437499999999883982e-01 8.928571428571006885e-02 4.464285714285564310e+00
-3.317307692307573386e-01 7.259615384615110134e-01 4.807692307692134293e+00
-4.083769633507776664e-01 4.293193717277397070e-01 2.617801047120368096e+00
-4.135338345864584264e-01 8.270676691729100805e-02 2.506265664160352458e+00
-3.553719008264353274e-01 8.264462809916985064e-02 4.132231404958548460e+00
-3.317307692307573386e-01 6.634615384615135669e-01 4.807692307692135181e+00
-4.038461538461455835e-01 4.505494505494405666e-01 2.747252747252691307e+00
-4.135338345864584264e-01 1.152882205513755948e-01 2.506265664160353346e+00
-3.653846153846045386e-01 7.692307692307363831e-02 3.846153846153734346e+00
-3.317307692307571720e-01 6.009615384615155653e-01 4.807692307692135181e+00
-3.988439306358295688e-01 4.739884393063473755e-01 2.890173410404562215e+00
-4.135338345864583709e-01 1.478696741854602925e-01 2.506265664160353346e+00
-3.754512635378958185e-01 7.220216606497899259e-02 3.610108303248997341e+00
-3.317307692307572831e-01 5.384615384615176747e-01 4.807692307692133404e+00
-3.939393939393850963e-01 4.969696969696852928e-01 3.030303030302961886e+00
-4.135338345864581489e-01 1.829573934837051830e-01 2.506265664160353790e+00
-3.809523809523710502e-01 6.802721088435108310e-02 3.401360544217598036e+00
-3.317307692307572276e-01 4.759615384615200617e-01 4.807692307692135181e+00
-3.878205128205038377e-01 5.256410256410123383e-01 3.205128205128127572e+00
-4.135338345864583154e-01 2.155388471177898391e-01 2.506265664160353790e+00
-3.878205128205032826e-01 6.410256410256170989e-02 3.205128205128127572e+00
-3.317307692307572276e-01 4.134615384615221712e-01 4.807692307692134293e+00
-3.809523809523711613e-01 5.578231292516858675e-01 3.401360544217600701e+00
-4.135338345864583154e-01 2.481203007518744119e-01 2.506265664160353790e+00
-3.939393939393847632e-01 6.060606060605843587e-02 3.030303030302960554e+00
-3.317307692307571165e-01 3.509615384615242251e-01 4.807692307692130740e+00
-3.754512635378959295e-01 5.920577617328351971e-01 3.610108303249000894e+00
-4.135338345864583709e-01 2.807017543859591235e-01 2.506265664160354678e+00
-3.988439306358293468e-01 5.780346820809045827e-02 2.890173410404560883e+00
-3.317307692307571165e-01 2.836538461538346545e-01 4.807692307692134293e+00
-3.653846153846048717e-01 6.307692307692117639e-01 3.846153846153735678e+00
-4.135338345864585929e-01 3.132832080200436686e-01 2.506265664160354234e+00
-4.038461538461454170e-01 5.494505494505307758e-02 2.747252747252688199e+00
-3.317307692307569500e-01 2.211538461538367362e-01 4.807692307692131628e+00
-3.553719008264351054e-01 6.776859504132008993e-01 4.132231404958549348e+00
-4.135338345864582044e-01 3.458646616541282137e-01 2.506265664160354234e+00
-4.083769633507770558e-01 5.235602094240665583e-02 2.617801047120366320e+00
-3.317307692307569500e-01 1.586538461538390399e-01 4.807692307692130740e+00
-3.437499999999885647e-01 7.321428571428315601e-01 4.464285714285565199e+00
-4.135338345864581489e-01 3.784461152882130364e-01 2.506265664160354678e+00
-5.901234567901354477e-01 9.308641975308833416e-01 -2.469135802469184515e+00
-5.527065527065587736e-01 5.370370370370435298e-01 -1.424501424501440683e+00
-5.527065527065587736e-01 3.774928774928823505e-01 -1.424501424501440905e+00
-5.901234567901352257e-01 6.543209876543347736e-01 -2.469135802469184515e+00
-5.547337278106572178e-01 5.576923076923147038e-01 -1.479289940828420136e+00
-5.527065527065587736e-01 3.917378917378966929e-01 -1.424501424501440239e+00
-5.856481481481585760e-01 6.134259259259381425e-01 -2.314814814814857069e+00
-5.901234567901351147e-01 9.061728395061913188e-01 -2.469135802469184959e+00
-5.570987654321056803e-01 5.817901234567977031e-01 -1.543209876543228720e+00
-5.527065527065587736e-01 4.059829059829110909e-01 -1.424501424501440683e+00
-5.795206971677661079e-01 5.773420479302939778e-01 -2.178649237472804590e+00
-5.901234567901353367e-01 8.790123456790308598e-01 -2.469135802469185403e+00
-5.587761674718271232e-01 6.070853462157894675e-01 -1.610305958132066007e+00
-5.527065527065588846e-01 4.202279202279253778e-01 -1.424501424501440461e+00
-5.761316872428074998e-01 5.452674897119438313e-01 -2.057613168724313546e+00
-5.901234567901350037e-01 8.543209876543388370e-01 -2.469135802469184071e+00
-5.622895622895702772e-01 6.346801346801439481e-01 -1.683501683501706481e+00
-5.527065527065586625e-01 4.358974358974410657e-01 -1.424501424501440461e+00
-5.711500974658955121e-01 5.165692007797356711e-01 -1.949317738791452426e+00
-5.901234567901354477e-01 8.296296296296470363e-01 -2.469135802469184515e+00
-5.643738977072387808e-01 6.649029982363416913e-01 -1.763668430335122661e+00
-5.527065527065589956e-01 4.501424501424558522e-01 -1.424501424501440239e+00
-5.685185185185266388e-01 4.907407407407486932e-01 -1.851851851851879172e+00
-5.901234567901350037e-01 8.049382716049551245e-01 -2.469135802469184959e+00
-5.685185185185268608e-01 6.981481481481588425e-01 -1.851851851851878061e+00
-5.527065527065587736e-01 4.643874643874700836e-01 -1.424501424501440683e+00
-5.643738977072388918e-01 4.673721340388078960e-01 -1.763668430335121773e+00
-5.901234567901351147e-01 7.802469135802631017e-01 -2.469135802469184959e+00
-5.711500974658959562e-01 7.348927875243789209e-01 -1.949317738791453536e+00
-5.527065527065587736e-01 4.786324786324845371e-01 -1.424501424501440683e+00
-5.622895622895697221e-01 4.461279461279525349e-01 -1.683501683501706037e+00
-5.901234567901351147e-01 7.555555555555714120e-01 -2.469135802469184071e+00
-5.761316872428077218e-01 7.757201646090668978e-01 -2.057613168724313102e+00
-5.527065527065591066e-01 4.928774928774992126e-01 -1.424501424501441349e+00
-5.587761674718269012e-01 4.267310789049981734e-01 -1.610305958132066451e+00
-5.901234567901347816e-01 7.283950617284099538e-01 -2.469135802469183627e+00
-5.795206971677659968e-01 8.213507625272481460e-01 -2.178649237472804590e+00
-5.527065527065591066e-01 5.071225071225136105e-01 -1.424501424501440683e+00
-5.570987654321053473e-01 4.089506172839563192e-01 -1.543209876543229164e+00
-5.901234567901350037e-01 7.037037037037184861e-01 -2.469135802469183627e+00
-5.856481481481589091e-01 8.726851851852018838e-01 -2.314814814814857513e+00
-5.527065527065592176e-01 5.227920227920295204e-01 -1.424501424501441349e+00
-5.547337278106573288e-01 3.920118343195318489e-01 -1.479289940828419914e+00
-5.901234567901347816e-01 6.790123456790265744e-01 -2.469135802469184071e+00
-4.266409266409204593e-01 2.857142857142811465e-01 1.930501930501902441e+00
-3.080808080807964089e-01 7.474747474747180931e-01 5.050505050504860094e+00
-3.080808080807966864e-01 1.333333333333282855e+00 5.050505050504862758e+00
-4.266409266409205703e-01 5.096525096525019727e-01 1.930501930501903107e+00
-3.303964757709144662e-01 6.519823788546030841e-01 4.405286343612189626e+00
-3.080808080807966864e-01 1.277777777777729495e+00 5.050505050504864535e+00
-4.224489795918305313e-01 5.387755102040731048e-01 2.040816326530581648e+00
-4.266409266409204593e-01 3.069498069498019510e-01 1.930501930501902663e+00
-3.515624999999898415e-01 5.781249999999817923e-01 3.906249999999885425e+00
-3.080808080807967420e-01 1.227272727272680664e+00 5.050505050504863647e+00
-4.173913043478193474e-01 5.739130434782510060e-01 2.173913043478225227e+00
-4.266409266409206813e-01 3.262548262548211064e-01 1.930501930501902663e+00
-3.671328671328575322e-01 5.174825174825029572e-01 3.496503496503404307e+00
-3.080808080807965199e-01 1.171717171717126860e+00 5.050505050504860982e+00
-4.106728538282993779e-01 6.125290023201745981e-01 2.320185614849147981e+00
-4.266409266409204037e-01 3.474903474903420220e-01 1.930501930501902663e+00
-3.789808917197362015e-01 4.713375796178224109e-01 3.184713375796103030e+00
-3.080808080807965754e-01 1.121212121212077806e+00 5.050505050504862758e+00
-4.054726368159131678e-01 6.567164179104353350e-01 2.487562189054680850e+00
-4.266409266409205703e-01 3.667953667953611219e-01 1.930501930501902441e+00
-3.895348837209216541e-01 4.302325581395247123e-01 2.906976744185984174e+00
-3.080808080807964644e-01 1.065656565656524668e+00 5.050505050504862758e+00
-3.967828418230484044e-01 7.077747989275994245e-01 2.680965147453030717e+00
-4.266409266409206258e-01 3.880308880308819264e-01 1.930501930501902219e+00
-3.967828418230482379e-01 3.967828418230476828e-01 2.680965147453030273e+00
-3.080808080807965754e-01 1.015151515151476502e+00 5.050505050504862758e+00
-3.895348837209222093e-01 7.674418604650995457e-01 2.906976744185985950e+00
-4.266409266409202372e-01 4.073359073359011373e-01 1.930501930501902885e+00
-4.054726368159128902e-01 3.681592039800921090e-01 2.487562189054679962e+00
-3.080808080807965754e-01 9.595959595959226984e-01 5.050505050504862758e+00
-3.789808917197363125e-01 8.407643312101705790e-01 3.184713375796103918e+00
-4.266409266409205703e-01 4.285714285714219973e-01 1.930501930501902441e+00
-4.106728538282992114e-01 3.433874709976733053e-01 2.320185614849147981e+00
-3.080808080807962424e-01 9.090909090908736445e-01 5.050505050504860094e+00
-3.671328671328576432e-01 9.230769230768982592e-01 3.496503496503406527e+00
-4.266409266409206258e-01 4.478764478764411527e-01 1.930501930501903107e+00
-4.173913043478194584e-01 3.217391304347769210e-01 2.173913043478225671e+00
-3.080808080807965199e-01 8.535353535353203958e-01 5.050505050504861870e+00
-3.515624999999899525e-01 1.031249999999968914e+00 3.906249999999887645e+00
-4.266409266409206813e-01 4.691119691119620683e-01 1.930501930501902663e+00
-4.224489795918301982e-01 3.020408163265256851e-01 2.040816326530582092e+00
-3.080808080807964644e-01 8.030303030302712308e-01 5.050505050504860094e+00
-3.303964757709142996e-01 1.162995594713617908e+00 4.405286343612193178e+00
-4.266409266409205148e-01 4.884169884169811127e-01 1.930501930501903329e+00
-7.984496124031500441e-01 2.596899224806364259e+00 -7.751937984496602319e+00
-5.866666666666769947e-01 7.444444444444583420e-01 -2.222222222222261845e+00
-5.866666666666768837e-01 5.333333333333434290e-01 -2.222222222222261845e+00
-7.984496124031492670e-01 1.860465116279185649e+00 -7.751937984496594325e+00
-5.914489311164007335e-01 7.957244655582107473e-01 -2.375296912114059467e+00
-5.866666666666769947e-01 5.533333333333440018e-01 -2.222222222222261401e+00
-7.421383647799110195e-01 1.509433962264227880e+00 -6.289308176100941061e+00
-7.984496124031504882e-01 2.534883720930392048e+00 -7.751937984496605871e+00
-5.994897959183798086e-01 8.545918367347123956e-01 -2.551020408163317654e+00
-5.866666666666769947e-01 5.733333333333441306e-01 -2.222222222222260957e+00
-7.074468085106677684e-01 1.276595744680906197e+00 -5.319148936170434716e+00
-7.984496124031501552e-01 2.465116279069922367e+00 -7.751937984496602319e+00
-6.060606060606195111e-01 9.228650137741262194e-01 -2.754820936639180040e+00
-5.866666666666768837e-01 5.911111111111224670e-01 -2.222222222222261401e+00
-6.774193548387342778e-01 1.105990783410179867e+00 -4.608294930875742601e+00
-7.984496124031500441e-01 2.395348837209452686e+00 -7.751937984496604983e+00
-6.156156156156303849e-01 1.006006006006031406e+00 -3.003003003003075655e+00
-5.866666666666769947e-01 6.111111111111227068e-01 -2.222222222222260957e+00
-6.585365853658748936e-01 9.756097560975933725e-01 -4.065040650406634093e+00
-7.984496124031497111e-01 2.333333333333478699e+00 -7.751937984496601430e+00
-6.262295081967376165e-01 1.098360655737734781e+00 -3.278688524590248843e+00
-5.866666666666768837e-01 6.311111111111232796e-01 -2.222222222222261401e+00
-6.400000000000182210e-01 8.727272727272992192e-01 -3.636363636363740159e+00
-7.984496124031498221e-01 2.263565891473009906e+00 -7.751937984496599654e+00
-6.400000000000186651e-01 1.218181818181855336e+00 -3.636363636363742824e+00
-5.866666666666772167e-01 6.488888888889008388e-01 -2.222222222222260513e+00
-6.262295081967373944e-01 7.868852459016606460e-01 -3.278688524590247066e+00
-7.984496124031501552e-01 2.201550387597037695e+00 -7.751937984496601430e+00
-6.585365853658752266e-01 1.361788617886224850e+00 -4.065040650406635869e+00
-5.866666666666771057e-01 6.688888888889013007e-01 -2.222222222222261401e+00
-6.156156156156302739e-01 7.207207207207388944e-01 -3.003003003003074767e+00
-7.984496124031497111e-01 2.131782945736567125e+00 -7.751937984496599654e+00
-6.774193548387349439e-01 1.543778801843376680e+00 -4.608294930875747042e+00
-5.866666666666773278e-01 6.866666666666796370e-01 -2.222222222222262289e+00
-6.060606060606191781e-01 6.611570247934035471e-01 -2.754820936639176931e+00
-7.984496124031498221e-01 2.062015503876098332e+00 -7.751937984496600542e+00
-7.074468085106684345e-01 1.781914893617099427e+00 -5.319148936170437381e+00
-5.866666666666769947e-01 7.066666666666798768e-01 -2.222222222222261401e+00
-5.994897959183791425e-01 6.122448979591967877e-01 -2.551020408163316322e+00
-7.984496124031493780e-01 2.000000000000124789e+00 -7.751937984496598766e+00
-7.421383647799113525e-01 2.106918238993818804e+00 -6.289308176100943726e+00
-5.866666666666771057e-01 7.266666666666804497e-01 -2.222222222222261845e+00
-5.914489311164007335e-01 5.700712589073748671e-01 -2.375296912114059023e+00
-7.984496124031497111e-01 1.930232558139655330e+00 -7.751937984496596989e+00
-2.558139534883611677e-01 1.656976744185974626e+00 5.813953488371845779e+00
-9.560439560440330276e-01 -3.131868131868380090e+00 -1.098901098901187368e+01
-9.560439560440306961e-01 -5.054945054945448213e+00 -1.098901098901184703e+01
-2.558139534883611677e-01 2.674418604651050302e+00 5.813953488371851108e+00
-1.119402985074749113e+00 -4.253731343284044897e+00 -1.492537313432998758e+01
-9.560439560440309181e-01 -4.879120879121257914e+00 -1.098901098901184881e+01
-2.162162162162057644e-01 3.108108108107958234e+00 6.756756756756432836e+00
-2.558139534883612232e-01 1.749999999999923395e+00 5.813953488371845779e+00
-1.465116279070016292e+00 -6.627906976745306267e+00 -2.325581395349231784e+01
-9.560439560440311402e-01 -4.703296703297070280e+00 -1.098901098901185414e+01
-1.679999999999902127e-01 3.679999999999788773e+00 7.999999999999543476e+00
-2.558139534883610566e-01 1.843023255813873051e+00 5.813953488371844891e+00
-2.684210526316822332e+00 -1.500000000000575184e+01 -5.263157894738866815e+01
-9.560439560440314732e-01 -4.527472527472882646e+00 -1.098901098901185591e+01
-8.910891089108298468e-02 4.554455445544229875e+00 9.900990099009199241e+00
-2.558139534883611677e-01 1.936046511627823818e+00 5.813953488371848444e+00
7.799999999988592947e+00 5.699999999991659649e+01 1.999999999997075122e+02
-9.560439560440309181e-01 -4.351648351648690571e+00 -1.098901098901185236e+01
3.896103896103535191e-02 5.974025974025418684e+00 1.298701298701178253e+01
-2.558139534883613897e-01 2.023255813953400928e+00 5.813953488371846667e+00
9.310344827583859617e-01 9.827586206894064702e+00 3.448275862068096131e+01
-9.560439560440314732e-01 -4.175824175824502937e+00 -1.098901098901185769e+01
2.830188679244901584e-01 8.679245283017696266e+00 1.886792452829935485e+01
-2.558139534883611677e-01 2.116279069767351029e+00 5.813953488371847556e+00
2.830188679244890482e-01 5.377358490565287141e+00 1.886792452829927669e+01
-9.560439560440320284e-01 -4.000000000000314415e+00 -1.098901098901186124e+01
9.310344827583928451e-01 1.586206896551334466e+01 3.448275862068119579e+01
-2.558139534883612787e-01 2.209302325581301130e+00 5.813953488371847556e+00
3.896103896103515762e-02 3.701298701298348703e+00 1.298701298701175766e+01
-9.560439560440320284e-01 -3.824175824176124117e+00 -1.098901098901185769e+01
7.799999999988908250e+00 9.199999999986916066e+01 1.999999999997156124e+02
-2.558139534883612787e-01 2.302325581395252563e+00 5.813953488371851996e+00
-8.910891089108259611e-02 2.821782178217614678e+00 9.900990099009179701e+00
-9.560439560440321394e-01 -3.659340659340949209e+00 -1.098901098901186479e+01
-2.684210526316794354e+00 -2.421052631579852132e+01 -5.263157894738812104e+01
-2.558139534883612787e-01 2.395348837209200443e+00 5.813953488371850220e+00
-1.679999999999901017e-01 2.279999999999864357e+00 7.999999999999531930e+00
-9.560439560440326945e-01 -3.483516483516758910e+00 -1.098901098901186657e+01
-1.465116279070009853e+00 -1.069767441860641455e+01 -2.325581395349221481e+01
-2.558139534883615007e-01 2.488372093023150988e+00 5.813953488371851108e+00
-2.162162162162054591e-01 1.925675675675579512e+00 6.756756756756424842e+00
-9.560439560440322504e-01 -3.307692307692569944e+00 -1.098901098901186657e+01
-1.119402985074746226e+00 -6.865671641791769808e+00 -1.492537313432994495e+01
-2.558139534883616117e-01 2.581395348837101533e+00 5.813953488371851996e+00
-5.721561969439806772e-01 4.974533106961025464e-01 -1.697792869269972416e+00
-5.449678800856581073e-01 3.137044967880117663e-01 -1.070663811563178580e+00
-5.449678800856576633e-01 1.937901498929356370e-01 -1.070663811563178358e+00
-5.721561969439806772e-01 3.073005093378657349e-01 -1.697792869269972416e+00
-5.470653377630171343e-01 3.244739756367696626e-01 -1.107419712070884854e+00
-5.449678800856575522e-01 2.044967880085673817e-01 -1.070663811563177914e+00
-5.684380032206191036e-01 2.914653784219043975e-01 -1.610305958132065118e+00
-5.721561969439805662e-01 4.787775891341328749e-01 -1.697792869269972416e+00
-5.487944890930015474e-01 3.363949483352504655e-01 -1.148105625717576350e+00
-5.449678800856579963e-01 2.152034261241992374e-01 -1.070663811563178580e+00
-5.644171779141170520e-01 2.776073619631939104e-01 -1.533742331288361349e+00
-5.721561969439807882e-01 4.617996604414332240e-01 -1.697792869269972416e+00
-5.500000000000051514e-01 3.488095238095275108e-01 -1.190476190476201346e+00
-5.449678800856574412e-01 2.259100642398310377e-01 -1.070663811563177914e+00
-5.622254758418805398e-01 2.650073206442201124e-01 -1.464128843338230013e+00
-5.721561969439805662e-01 4.448217317487334066e-01 -1.697792869269972194e+00
-5.525339925834419352e-01 3.621755253399298047e-01 -1.236093943139690232e+00
-5.449678800856579963e-01 2.366167023554628657e-01 -1.070663811563178358e+00
-5.594405594405656990e-01 2.531468531468564209e-01 -1.398601398601414525e+00
-5.721561969439803441e-01 4.278438030560335337e-01 -1.697792869269971527e+00
-5.546975546975604354e-01 3.770913770913815743e-01 -1.287001287001300120e+00
-5.449678800856575522e-01 2.483940042826577599e-01 -1.070663811563178136e+00
-5.563002680965205560e-01 2.426273458445070696e-01 -1.340482573726555549e+00
-5.721561969439804551e-01 4.108658743633338828e-01 -1.697792869269971971e+00
-5.563002680965204449e-01 3.927613941018813226e-01 -1.340482573726555549e+00
-5.449678800856576633e-01 2.591006423982895601e-01 -1.070663811563178136e+00
-5.546975546975602134e-01 2.329472329472357661e-01 -1.287001287001299898e+00
-5.721561969439805662e-01 3.938879456706340654e-01 -1.697792869269971527e+00
-5.594405594405653659e-01 4.097902097902148544e-01 -1.398601398601413859e+00
-5.449678800856579963e-01 2.698072805139214436e-01 -1.070663811563178580e+00
-5.525339925834417132e-01 2.237330037082844725e-01 -1.236093943139690454e+00
-5.721561969439804551e-01 3.752122241086643939e-01 -1.697792869269971971e+00
-5.622254758418805398e-01 4.289897510981021123e-01 -1.464128843338230013e+00
-5.449678800856578853e-01 2.805139186295532161e-01 -1.070663811563178136e+00
-5.500000000000049294e-01 2.154761904761928748e-01 -1.190476190476202234e+00
-5.721561969439806772e-01 3.582342954159647430e-01 -1.697792869269972194e+00
-5.644171779141171630e-01 4.493865030674905614e-01 -1.533742331288362015e+00
-5.449678800856574412e-01 2.912205567451849331e-01 -1.070663811563178136e+00
-5.487944890930015474e-01 2.078071182548816842e-01 -1.148105625717576350e+00
-5.721561969439807882e-01 3.412563667232650366e-01 -1.697792869269971971e+00
-5.684380032206191036e-01 4.718196457326959137e-01 -1.610305958132065340e+00
-5.449678800856578853e-01 3.019271948608168166e-01 -1.070663811563178580e+00
-5.470653377630166903e-01 2.004429678848304586e-01 -1.107419712070883966e+00
-5.721561969439802331e-01 3.242784380305653302e-01 -1.697792869269971749e+00
-4.199999999999944333e-01 7.999999999999847511e-02 1.818181818181793252e+00
-3.345864661654039951e-01 1.654135338345807393e-01 3.759398496240494492e+00
-3.345864661654041061e-01 8.796992481202751124e-01 3.759398496240495380e+00
-4.199999999999944333e-01 4.254545454545392014e-01 1.818181818181793030e+00
-3.493150684931415340e-01 1.506849315068444495e-01 3.424657534246485113e+00
-3.345864661654041616e-01 8.157894736841868610e-01 3.759398496240494936e+00
-4.160305343511391807e-01 4.465648854961765668e-01 1.908396946564858698e+00
-4.199999999999942113e-01 1.127272727272708164e-01 1.818181818181793696e+00
-3.616352201257775345e-01 1.383647798742096979e-01 3.144654088050238272e+00
-3.345864661654042171e-01 7.481203007518576475e-01 3.759398496240494492e+00
-4.116465863453754870e-01 4.698795180722816767e-01 2.008032128514026127e+00
-4.199999999999942113e-01 1.436363636363612029e-01 1.818181818181792586e+00
-3.720930232558053441e-01 1.279069767441824712e-01 2.906976744185981065e+00
-3.345864661654041061e-01 6.842105263157693962e-01 3.759398496240496712e+00
-4.067796610169427396e-01 4.957627118643984643e-01 2.118644067796575658e+00
-4.199999999999942113e-01 1.745454545454517559e-01 1.818181818181793030e+00
-3.810810810810731919e-01 1.189189189189157891e-01 2.702702702702646231e+00
-3.345864661654043837e-01 6.203007518796810338e-01 3.759398496240497156e+00
-4.013452914798138482e-01 5.246636771300356994e-01 2.242152466367675956e+00
-4.199999999999943223e-01 2.054545454545421701e-01 1.818181818181793030e+00
-3.898734177215113506e-01 1.113924050632883328e-01 2.531645569620204483e+00
-3.345864661654042171e-01 5.563909774435925604e-01 3.759398496240494492e+00
-3.966745843230334856e-01 5.558194774346689737e-01 2.375296912113972869e+00
-4.199999999999944333e-01 2.363636363636326954e-01 1.818181818181792586e+00
-3.966745843230331525e-01 1.045130641330141719e-01 2.375296912113971093e+00
-3.345864661654039951e-01 4.887218045112633469e-01 3.759398496240493603e+00
-3.898734177215114061e-01 5.924050632911275205e-01 2.531645569620206260e+00
-4.199999999999941003e-01 2.690909090909049395e-01 1.818181818181792586e+00
-4.013452914798138482e-01 9.865470852017718673e-02 2.242152466367675068e+00
-3.345864661654041061e-01 4.248120300751752065e-01 3.759398496240496268e+00
-3.810810810810733584e-01 6.324324324324194224e-01 2.702702702702648896e+00
-4.199999999999943778e-01 2.999999999999955480e-01 1.818181818181793252e+00
-4.067796610169424620e-01 9.322033898304883659e-02 2.118644067796575658e+00
-3.345864661654042171e-01 3.609022556390865666e-01 3.759398496240494936e+00
-3.720930232558058992e-01 6.802325581395194387e-01 2.906976744185982842e+00
-4.199999999999944333e-01 3.309090909090860455e-01 1.818181818181794140e+00
-4.116465863453753760e-01 8.835341365461665819e-02 2.008032128514025239e+00
-3.345864661654039396e-01 2.969924812029980377e-01 3.759398496240493159e+00
-3.616352201257778676e-01 7.358490566037556579e-01 3.144654088050240492e+00
-4.199999999999942668e-01 3.618181818181764320e-01 1.818181818181793252e+00
-4.160305343511389586e-01 8.396946564885328368e-02 1.908396946564856922e+00
-3.345864661654041061e-01 2.330827067669096198e-01 3.759398496240492715e+00
-3.493150684931418670e-01 8.013698630136776302e-01 3.424657534246488222e+00
-4.199999999999943778e-01 3.945454545454488704e-01 1.818181818181793474e+00
-4.463470319634659789e-01 -4.463470319634667005e-01 1.141552511415514726e+00
-3.978494623655844387e-01 -8.408602150537495268e-01 2.150537634408564713e+00
-3.978494623655848272e-01 -3.978494623655853268e-01 2.150537634408566046e+00
-4.463470319634662009e-01 -2.111872146118704552e-01 1.141552511415514504e+00
-4.063745019920251833e-01 -7.788844621513820732e-01 1.992031872509928192e+00
-3.978494623655846607e-01 -4.387096774193479654e-01 2.150537634408566046e+00
-4.439140811455805635e-01 -2.207637231503562225e-01 1.193317422434356345e+00
-4.463470319634663119e-01 -4.246575342465718772e-01 1.141552511415514504e+00
-4.129629629629565923e-01 -7.240740740740636561e-01 1.851851851851823216e+00
-3.978494623655847162e-01 -4.795698924731108259e-01 2.150537634408565602e+00
-4.406991260923801002e-01 -2.309612983770267247e-01 1.248439450686628982e+00
-4.463470319634660344e-01 -4.029680365296767208e-01 1.141552511415513838e+00
-4.176776429809298530e-01 -6.776429809358663903e-01 1.733102253032904105e+00
-3.978494623655844942e-01 -5.182795698924648198e-01 2.150537634408565602e+00
-4.384816753926656929e-01 -2.421465968586365980e-01 1.308900523560196261e+00
-4.463470319634660899e-01 -3.824200913241976307e-01 1.141552511415514504e+00
-4.234527687296360532e-01 -6.368078175895686144e-01 1.628664495113985033e+00
-3.978494623655847162e-01 -5.591397849462277359e-01 2.150537634408565157e+00
-4.352617079889756768e-01 -2.548209366391159247e-01 1.377410468319543613e+00
-4.463470319634662009e-01 -3.607305936073028074e-01 1.141552511415514060e+00
-4.279141104294425513e-01 -5.996932515337352054e-01 1.533742331288324046e+00
-3.978494623655844942e-01 -5.999999999999904299e-01 2.150537634408565157e+00
-4.310595065311998986e-01 -2.685050798258318272e-01 1.451378809869359854e+00
-4.463470319634662564e-01 -3.390410958904082617e-01 1.141552511415514948e+00
-4.310595065311993435e-01 -5.674891146589196023e-01 1.451378809869358744e+00
-3.978494623655842721e-01 -6.387096774193447013e-01 2.150537634408564713e+00
-4.279141104294426623e-01 -2.837423312883405879e-01 1.533742331288326044e+00
-4.463470319634663674e-01 -3.184931506849288385e-01 1.141552511415514504e+00
-4.352617079889756768e-01 -5.385674931129419418e-01 1.377410468319543613e+00
-3.978494623655844942e-01 -6.795698924731068402e-01 2.150537634408563825e+00
-4.234527687296363863e-01 -3.013029315960878418e-01 1.628664495113986144e+00
-4.463470319634660344e-01 -2.968036529680342372e-01 1.141552511415515170e+00
-4.384816753926654709e-01 -5.117801047120367208e-01 1.308900523560195372e+00
-3.978494623655844387e-01 -7.204301075268697563e-01 2.150537634408565157e+00
-4.176776429809302971e-01 -3.206239168110879278e-01 1.733102253032904994e+00
-4.463470319634659234e-01 -2.751141552511392474e-01 1.141552511415514504e+00
-4.406991260923800446e-01 -4.881398252184724895e-01 1.248439450686629204e+00
-3.978494623655843832e-01 -7.591397849462240277e-01 2.150537634408564269e+00
-4.129629629629569254e-01 -3.425925925925880633e-01 1.851851851851824771e+00
-4.463470319634663674e-01 -2.545662100456600463e-01 1.141552511415514504e+00
-4.439140811455802305e-01 -4.665871121718335179e-01 1.193317422434355901e+00
-3.978494623655842721e-01 -7.999999999999868328e-01 2.150537634408564269e+00
-4.063745019920255164e-01 -3.685258964143374727e-01 1.992031872509928858e+00
-4.463470319634661454e-01 -2.328767123287653340e-01 1.141552511415514726e+00
-4.539347408829137454e-01 -3.358925143953910286e-01 9.596928982725452251e-01
-4.256965944272391167e-01 -5.417956656346686328e-01 1.547987616099052000e+00
-4.256965944272395053e-01 -3.219814241486032569e-01 1.547987616099052888e+00
-4.539347408829138564e-01 -1.996161228406896360e-01 9.596928982725451140e-01
-4.296187683284405923e-01 -5.131964809384109705e-01 1.466275659824029853e+00
-4.256965944272393387e-01 -3.421052631578910264e-01 1.547987616099052222e+00
-4.522862823061596371e-01 -2.067594433399589093e-01 9.940357852882628631e-01
-4.539347408829138564e-01 -3.234165067178479402e-01 9.596928982725446700e-01
-4.331476323119727856e-01 -4.874651810584906264e-01 1.392757660167114775e+00
-4.256965944272391722e-01 -3.622291021671785183e-01 1.547987616099051777e+00
-4.505154639175222298e-01 -2.144329896907201938e-01 1.030927835051538288e+00
-4.539347408829137454e-01 -3.109404990403049074e-01 9.596928982725450030e-01
-4.363395225464142824e-01 -4.641909814323560424e-01 1.326259946949587709e+00
-4.256965944272390057e-01 -3.823529411764660657e-01 1.547987616099051555e+00
-4.486081370449641059e-01 -2.226980728051375924e-01 1.070663811563160150e+00
-4.539347408829138564e-01 -2.984644913627618745e-01 9.596928982725452251e-01
-4.392405063291089928e-01 -4.430379746835398924e-01 1.265822784810113344e+00
-4.256965944272391167e-01 -4.009287925696546906e-01 1.547987616099051555e+00
-4.465478841870781923e-01 -2.316258351893077383e-01 1.113585746102439655e+00
-4.539347408829140229e-01 -2.859884836852186751e-01 9.596928982725452251e-01
-4.418886198547170574e-01 -4.237288135593181848e-01 1.210653753026622148e+00
-4.256965944272392277e-01 -4.210526315789424046e-01 1.547987616099051777e+00
-4.443155452436153841e-01 -2.412993039443135646e-01 1.160092807424583095e+00
-4.539347408829139674e-01 -2.735124760076757533e-01 9.596928982725455581e-01
-4.443155452436153841e-01 -4.060324825986042496e-01 1.160092807424583095e+00
-4.256965944272391722e-01 -4.411764705882301740e-01 1.547987616099051777e+00
-4.418886198547171684e-01 -2.518159806295378056e-01 1.210653753026622592e+00
-4.539347408829140229e-01 -2.610364683301324984e-01 9.596928982725453361e-01
-4.465478841870782478e-01 -3.897550111358543679e-01 1.113585746102439877e+00
-4.256965944272390612e-01 -4.613003095975177770e-01 1.547987616099051111e+00
-4.392405063291094369e-01 -2.632911392405040130e-01 1.265822784810114232e+00
-4.539347408829139674e-01 -2.485604606525895210e-01 9.596928982725452251e-01
-4.486081370449639394e-01 -3.747323340471063746e-01 1.070663811563159928e+00
-4.256965944272391722e-01 -4.814241486068053799e-01 1.547987616099051111e+00
-4.363395225464142269e-01 -2.758620689655145175e-01 1.326259946949587265e+00
-4.539347408829138564e-01 -2.370441458733188733e-01 9.596928982725451140e-01
-4.505154639175221187e-01 -3.608247422680385119e-01 1.030927835051538066e+00
-4.256965944272392832e-01 -5.015479876160932049e-01 1.547987616099051555e+00
-4.331476323119731187e-01 -2.896935933147604114e-01 1.392757660167115885e+00
-4.539347408829138564e-01 -2.245681381957758682e-01 9.596928982725456692e-01
-4.522862823061596371e-01 -3.479125248508920798e-01 9.940357852882621970e-01
-4.256965944272391722e-01 -5.216718266253808078e-01 1.547987616099051555e+00
-4.296187683284404812e-01 -3.049853372433986576e-01 1.466275659824029409e+00
-4.539347408829138564e-01 -2.120921305182327521e-01 9.596928982725453361e-01
-4.502564102564065585e-01 -6.153846153846303894e-03 1.025641025641016890e+00
-4.270516717325178457e-01 -9.118541033434880705e-03 1.519756838905756968e+00
-4.270516717325180123e-01 3.115501519756802007e-01 1.519756838905758745e+00
-4.502564102564067805e-01 2.102564102564083992e-01 1.025641025641017334e+00
-4.294032023289616196e-01 -8.733624454148698410e-03 1.455604075691395050e+00
-4.270516717325181788e-01 2.826747720364706784e-01 1.519756838905758300e+00
-4.492600422832946916e-01 2.167019027484124727e-01 1.057082452431281183e+00
-4.502564102564068915e-01 1.333333333333302714e-02 1.025641025641017778e+00
-4.329608938547439556e-01 -8.379888268156641257e-03 1.396648044692722301e+00
-4.270516717325177902e-01 2.522796352583555057e-01 1.519756838905757634e+00
-4.471101417666266675e-01 2.235550708833132227e-01 1.090512540894211790e+00
-4.502564102564066140e-01 3.282051282051236252e-02 1.025641025641017556e+00
-4.348993288590559669e-01 -8.053691275167996003e-03 1.342281879194616723e+00
-4.270516717325178457e-01 2.234042553191460667e-01 1.519756838905757634e+00
-4.454443194600637979e-01 2.305961754780629647e-01 1.124859392575918049e+00
-4.502564102564066140e-01 5.230769230769169442e-02 1.025641025641017112e+00
-4.372574385510952788e-01 -7.761966364812620568e-03 1.293661060802057117e+00
-4.270516717325177902e-01 1.945288753799366832e-01 1.519756838905758078e+00
-4.435389988358518498e-01 2.386495925494739045e-01 1.164144353899873252e+00
-4.502564102564066140e-01 7.282051282051207886e-02 1.025641025641017334e+00
-4.401496259351577733e-01 -7.481296758104930521e-03 1.246882793017444202e+00
-4.270516717325180123e-01 1.656534954407272164e-01 1.519756838905757190e+00
-4.416365824308023935e-01 2.466907340553524675e-01 1.203369434416355022e+00
-4.502564102564067250e-01 9.230769230769138300e-02 1.025641025641017556e+00
-4.416365824308023380e-01 -7.220216606498380818e-03 1.203369434416354355e+00
-4.270516717325180123e-01 1.367781155015178607e-01 1.519756838905757190e+00
-4.401496259351578288e-01 2.556109725685757894e-01 1.246882793017443980e+00
-4.502564102564066140e-01 1.117948717948707843e-01 1.025641025641017778e+00
-4.435389988358514612e-01 -6.984866123399480035e-03 1.164144353899873030e+00
-4.270516717325179012e-01 1.079027355623084494e-01 1.519756838905756968e+00
-4.372574385510955008e-01 2.652005174644215812e-01 1.293661060802056895e+00
-4.502564102564066140e-01 1.312820512820500052e-01 1.025641025641017334e+00
-4.454443194600635758e-01 -6.749156355455740441e-03 1.124859392575918271e+00
-4.270516717325176792e-01 7.750759878419330451e-02 1.519756838905756968e+00
-4.348993288590560780e-01 2.751677852348963227e-01 1.342281879194617611e+00
-4.502564102564067805e-01 1.507692307692294620e-01 1.025641025641017778e+00
-4.471101417666263900e-01 -6.543075245365488971e-03 1.090512540894211124e+00
-4.270516717325175682e-01 4.863221884498391406e-02 1.519756838905757190e+00
-4.329608938547439556e-01 2.863128491620078875e-01 1.396648044692722745e+00
-4.502564102564069470e-01 1.702564102564088355e-01 1.025641025641018000e+00
-4.492600422832944695e-01 -6.342494714587900741e-03 1.057082452431281627e+00
-4.270516717325177347e-01 1.975683890577450280e-02 1.519756838905756746e+00
-4.294032023289618416e-01 2.983988355167357942e-01 1.455604075691395716e+00
-4.502564102564067250e-01 1.907692307692291644e-01 1.025641025641017778e+00
-8.550724637681615947e-01 -1.768115942029077736e+00 -7.246376811594590350e+00
-5.862676056338104180e-01 -4.295774647887374287e-01 -1.760563380281713330e+00
-5.862676056338103070e-01 -6.725352112676136196e-01 -1.760563380281712220e+00
-8.550724637681602625e-01 -2.768115942029127030e+00 -7.246376811594577028e+00
-5.924528301886874404e-01 -4.603773584905718197e-01 -1.886792452830214906e+00
-5.862676056338103070e-01 -6.514084507042332550e-01 -1.760563380281712664e+00
-7.752808988764363640e-01 -2.146067415730422034e+00 -5.617977528090115413e+00
-8.550724637681613727e-01 -1.862318840579806789e+00 -7.246376811594586798e+00
-6.000000000000089706e-01 -4.979591836734761912e-01 -2.040816326530642932e+00
-5.862676056338096409e-01 -6.285211267605707031e-01 -1.760563380281711998e+00
-7.268518518518758409e-01 -1.768518518518576554e+00 -4.629629629629785192e+00
-8.550724637681613727e-01 -1.949275362318942495e+00 -7.246376811594587686e+00
-6.084070796460275821e-01 -5.398230088495657997e-01 -2.212389380531009309e+00
-5.862676056338101960e-01 -6.073943661971900054e-01 -1.760563380281711998e+00
-6.914062500000193179e-01 -1.492187500000040190e+00 -3.906250000000108358e+00
-8.550724637681612617e-01 -2.043478260869671992e+00 -7.246376811594588574e+00
-6.189320388349621727e-01 -5.922330097087475931e-01 -2.427184466019460363e+00
-5.862676056338104180e-01 -5.845070422535277865e-01 -1.760563380281711998e+00
-6.655405405405565578e-01 -1.290540540540570547e+00 -3.378378378378458891e+00
-8.550724637681611506e-01 -2.130434782608805921e+00 -7.246376811594585021e+00
-6.310160427807610661e-01 -6.524064171123115097e-01 -2.673796791443902698e+00
-5.862676056338105290e-01 -5.633802816901476440e-01 -1.760563380281712886e+00
-6.467065868263611739e-01 -1.143712574850323405e+00 -2.994011976047968648e+00
-8.550724637681611506e-01 -2.224637681159535862e+00 -7.246376811594586798e+00
-6.467065868263616180e-01 -7.305389221557037072e-01 -2.994011976047969981e+00
-5.862676056338101960e-01 -5.404929577464850921e-01 -1.760563380281712886e+00
-6.310160427807607331e-01 -1.021390374331569317e+00 -2.673796791443900922e+00
-8.550724637681610396e-01 -2.318840579710264915e+00 -7.246376811594583245e+00
-6.655405405405574459e-01 -8.243243243243441043e-01 -3.378378378378462887e+00
-5.862676056338103070e-01 -5.176056338028227621e-01 -1.760563380281713108e+00
-6.189320388349621727e-01 -9.271844660194328291e-01 -2.427184466019460363e+00
-8.550724637681602625e-01 -2.405797101449398401e+00 -7.246376811594578804e+00
-6.914062500000199840e-01 -9.531250000000260902e-01 -3.906250000000111910e+00
-5.862676056338104180e-01 -4.964788732394422310e-01 -1.760563380281711776e+00
-6.084070796460273600e-01 -8.451327433628447183e-01 -2.212389380531008864e+00
-8.550724637681607065e-01 -2.500000000000129230e+00 -7.246376811594580580e+00
-7.268518518518762850e-01 -1.129629629629666843e+00 -4.629629629629788745e+00
-5.862676056338107511e-01 -4.735915492957801232e-01 -1.760563380281713552e+00
-6.000000000000088596e-01 -7.795918367347050015e-01 -2.040816326530642488e+00
-8.550724637681607065e-01 -2.586956521739264048e+00 -7.246376811594583245e+00
-7.752808988764361420e-01 -1.370786516853987891e+00 -5.617977528090118966e+00
-5.862676056338103070e-01 -4.524647887323998696e-01 -1.760563380281713330e+00
-5.924528301886874404e-01 -7.207547169811412413e-01 -1.886792452830214017e+00
-8.550724637681602625e-01 -2.681159420289993101e+00 -7.246376811594580580e+00
