-1.516760657979150835e-02 1.043892901412498686e-01 -5.408946966870713524e-01
-7.426402372998229529e-02 1.043929192001212258e-01 -5.412931108586612750e-01
-7.424798008762799328e-02 6.189438419654255674e-02 -5.423543882210084544e-01
-1.515898913388598682e-02 6.188512810019693167e-02 -5.427665958684917413e-01
-6.880525465569266308e-02 1.043940923241617608e-01 -5.411672820777914117e-01
-7.425094027697859422e-02 6.562601245572201314e-02 -5.421461483169904838e-01
-2.061637440377603325e-02 6.188503712136272927e-02 -5.428190026175796490e-01
-1.516187664696456647e-02 1.003624828716512818e-01 -5.424767445411624589e-01
-6.357000340125880389e-02 1.043869361445393246e-01 -5.415353700003715520e-01
-7.425584605727025833e-02 6.985954125007760862e-02 -5.417952560910933579e-01
-2.607361876969137987e-02 6.188463006409103406e-02 -5.429017138223117822e-01
-1.516450361137897107e-02 9.641777386769924407e-02 -5.416708068081804717e-01
-5.838815008562404235e-02 1.043976256800143582e-01 -5.408508908234482826e-01
-7.425888392064115828e-02 7.359171765420667588e-02 -5.415813453825909507e-01
-3.130663106682355507e-02 6.189178063646067623e-02 -5.422594924535190097e-01
-1.516318243928474301e-02 9.268355519503207463e-02 -5.419965250024656456e-01
-5.292868926424392634e-02 1.043983488577432672e-01 -5.407517187733008601e-01
-7.426191345240204522e-02 7.732409647168074496e-02 -5.413680783353556070e-01
-3.676475913398091072e-02 6.189166344849080653e-02 -5.423143616368126807e-01
-1.516611172439541640e-02 8.873839629542876195e-02 -5.411041466884308759e-01
-4.746904762432632707e-02 1.043988469381150613e-01 -5.406658675074019760e-01
-7.425468991959627285e-02 8.127595933960518604e-02 -5.419152522989512111e-01
-4.222269545549812292e-02 6.189126917599518246e-02 -5.423958053338957530e-01
-1.516477546514863328e-02 8.500431482199972966e-02 -5.414341793902519573e-01
-4.223593901470883150e-02 1.043926237744396274e-01 -5.409785332033285599e-01
-7.425769670495106778e-02 8.500845969480173847e-02 -5.417036469292881851e-01
-4.745916985370680907e-02 6.189994324110410784e-02 -5.416075699565270352e-01
-1.516334059416846181e-02 8.127018082452569514e-02 -5.417924067894210882e-01
-3.677666668226063640e-02 1.043931649838801684e-01 -5.408900838171911696e-01
-7.426066620768689841e-02 8.874112795952997235e-02 -5.414948267914303504e-01
-5.291783999644580905e-02 6.189943410087998810e-02 -5.416999598202262289e-01
-1.516673264472549049e-02 7.732466570569701547e-02 -5.407677125801471085e-01
-3.131724326511874795e-02 1.043934105885390845e-01 -5.408191171041790701e-01
-7.425355291344599984e-02 9.269188346305923254e-02 -5.420338156634957327e-01
-5.837627328739061067e-02 6.189874367768464364e-02 -5.418097508020891517e-01
-1.516528570914549984e-02 7.359068670977066129e-02 -5.411293900896075870e-01
-2.608591856486455751e-02 1.043889249119554635e-01 -5.410292746103729788e-01
-7.425650435437967933e-02 9.642467061621573521e-02 -5.418263139197453393e-01
-6.355040857335932103e-02 6.188653872680039553e-02 -5.430198167249185026e-01
-1.516371579492044840e-02 6.985666354592724725e-02 -5.415262302958278040e-01
-2.062681248777444715e-02 1.043892878245201716e-01 -5.409513263299060570e-01
-7.424956460952732151e-02 1.003744956497166080e-01 -5.423524660914760265e-01
-6.879025753654746667e-02 6.189525525906135195e-02 -5.422272007110769954e-01
-1.516092909862709615e-02 6.561929927159292075e-02 -5.422639445539553238e-01
1.439699316508073201e-01 -1.481142424076405117e-01 -5.408911634247922651e-01
8.440886307624727303e-02 -1.481397021276568415e-01 -5.407598452326636274e-01
8.440893473348959342e-02 -1.866139165961279434e-01 -5.409391275090011941e-01
1.439705659669615612e-01 -1.865853627598712816e-01 -5.409817874472113708e-01
8.986512038979506400e-02 -1.481358673045310714e-01 -5.408330025352635628e-01
8.440702282469800255e-02 -1.828809230738875080e-01 -5.410683157579850855e-01
1.385160357535958342e-01 -1.865896481314718858e-01 -5.409241263250683662e-01
1.439618008888501333e-01 -1.515630439574528754e-01 -5.412555001098386942e-01
9.532104458984003159e-02 -1.481319407412096667e-01 -5.409099201601897944e-01
8.440631193661463083e-02 -1.796507067050430728e-01 -5.411075045928956939e-01
1.330612316530594696e-01 -1.865938922738309413e-01 -5.408678124250194674e-01
1.439627654308055782e-01 -1.547923826693960170e-01 -5.412234517275589241e-01
1.005528053359765611e-01 -1.481367926694974746e-01 -5.406330531471769119e-01
8.440432813645934451e-02 -1.759177700043089432e-01 -5.412422359111709325e-01
1.276061509616509271e-01 -1.865980847919203323e-01 -5.408131817029110389e-01
1.439653974032042150e-01 -1.585235184096299432e-01 -5.411203976487495293e-01
1.060085871248637873e-01 -1.481329051564497512e-01 -5.407083407991257751e-01
8.441049968771939527e-02 -1.724735436176571268e-01 -5.407507974552203667e-01
1.223747968227529848e-01 -1.865934395470217888e-01 -5.410395592387020614e-01
1.439663533058726519e-01 -1.617529525823370173e-01 -5.410887341836758679e-01
1.114640420180264824e-01 -1.481289537476127294e-01 -5.407862549449398148e-01
8.440151984881652525e-02 -1.689547281486985519e-01 -5.414249152397516696e-01
1.169195696339935808e-01 -1.865976605962484380e-01 -5.409839714740340977e-01
1.439689648132818078e-01 -1.654842410644543349e-01 -5.409865942124491012e-01
1.169191748511381190e-01 -1.481249552364987954e-01 -5.408661100064026117e-01
8.440782302503320456e-02 -1.655104791202876291e-01 -5.409233108317181848e-01
1.114640624526493512e-01 -1.866018139809807463e-01 -5.409305831871143999e-01
1.439609249054678575e-01 -1.689319848400626933e-01 -5.413470025535265240e-01
1.223739918029418117e-01 -1.481209246627964993e-01 -5.409472918417376208e-01
8.440578092610945271e-02 -1.617776801598981851e-01 -5.410625228800493014e-01
1.060082750836521398e-01 -1.866058870174735485e-01 -5.408798039816439251e-01
1.439724892950313417e-01 -1.724451909755252976e-01 -5.408546867136372338e-01
1.276067959740967983e-01 -1.481262930135377187e-01 -5.406493303438155706e-01
8.440503128969950586e-02 -1.585475375430706879e-01 -5.411046956527880702e-01
1.005522086016217426e-01 -1.866098662925312901e-01 -5.408320669127179015e-01
1.439644941145152013e-01 -1.758927709486236002e-01 -5.412130788532186765e-01
1.330614757682119231e-01 -1.481222870409053816e-01 -5.407294772813807660e-01
8.440291221207263384e-02 -1.548148210622949383e-01 -5.412498454360064049e-01
9.532164780178364882e-02 -1.866059863689442100e-01 -5.410337547041335071e-01
1.439670797443933503e-01 -1.796242331752695709e-01 -5.411120505902453637e-01
1.385158516441836185e-01 -1.481182666785946511e-01 -5.408102311223875747e-01
8.440212136465329029e-02 -1.515847392951828465e-01 -5.412951954715787828e-01
8.986542959743112902e-02 -1.866100083639639917e-01 -5.409845982196495040e-01
1.439680158833819834e-01 -1.828537747197759300e-01 -5.410812492952967734e-01
4.017260819168239766e-02 8.218904387598309491e-02 -5.440254031234301735e-01
-7.198404416319773187e-03 8.219001598870073755e-02 -5.443803813659829904e-01
-7.190927871027436545e-03 2.017203406717447967e-02 -5.461370794593318756e-01
4.017945380527619681e-02 2.018154594947209335e-02 -5.434666604207664120e-01
-2.970556395663906651e-03 8.218958023380873446e-02 -5.443726228520296972e-01
-7.193918692362291298e-03 2.613073944052784689e-02 -5.450586246099227150e-01
3.572916645931850654e-02 2.018528886410329848e-02 -5.423681280527830051e-01
4.016513106716165793e-02 7.644354440350267788e-02 -5.453249696911268707e-01
1.212825683295767464e-03 8.218993468681608239e-02 -5.443118761913907644e-01
-7.194231199050704455e-03 3.158581479462436309e-02 -5.450423308246311604e-01
3.149488948647089642e-02 2.018061778331718334e-02 -5.437189828694565241e-01
4.017300957536450168e-02 7.077783285481159536e-02 -5.440656042329276021e-01
5.440567673887652597e-03 8.218954511969657484e-02 -5.443006478467231624e-01
-7.194480690097903794e-03 3.704075232413010788e-02 -5.450512288900741797e-01
2.726119183633462020e-02 2.017534975652957030e-02 -5.452437645901575536e-01
4.017393799534026144e-02 6.532366362796770964e-02 -5.439621154449600926e-01
9.896005121768384691e-03 8.218803592526238710e-02 -5.443658519312380983e-01
-7.188318297738274104e-03 4.270273360225807641e-02 -5.476310989941226559e-01
2.281033232241410497e-02 2.017920801429287647e-02 -5.441114676500661274e-01
4.016553585618705402e-02 5.958032029685599029e-02 -5.454156386032169568e-01
1.412370893695329144e-02 8.218890580915744204e-02 -5.442674187917582174e-01
-7.196084135906398276e-03 4.845419598729232974e-02 -5.446368628587483496e-01
1.857861657358671897e-02 2.017346945472016026e-02 -5.457735437829400738e-01
4.017448852650102459e-02 5.391262811187018389e-02 -5.439774411693214518e-01
1.857878168091753671e-02 8.218664920057804080e-02 -5.443843654092125339e-01
-7.196193891897715439e-03 5.390895931862836610e-02 -5.447016550180509009e-01
1.412635837578015557e-02 2.017719172467011268e-02 -5.446805571832953330e-01
4.017560878475733011e-02 4.845830445779909096e-02 -5.438419977015277462e-01
2.280670513439255614e-02 8.218867441804991736e-02 -5.442059473640185052e-01
-7.191674633651722569e-03 5.957089247189701481e-02 -5.466236679398124299e-01
9.897535788561832859e-03 2.017239642024374127e-02 -5.460687882251230585e-01
4.016665777769558299e-02 4.271851103593957144e-02 -5.453866812527583541e-01
2.726130811296674505e-02 8.218574976143841471e-02 -5.443691367056039399e-01
-7.197342436179675514e-03 6.532220986640899230e-02 -5.444693472593821193e-01
5.443762336921907467e-03 2.017527413888529214e-02 -5.452212256868130824e-01
4.017652138243572868e-02 3.704741004385787156e-02 -5.437969715955729422e-01
3.148965420307291152e-02 8.218875724156693430e-02 -5.441227262573677947e-01
-7.197444786716717703e-03 7.077688414009417062e-02 -5.445370856908082757e-01
1.216524999172638368e-03 2.017466568916108025e-02 -5.453917152237586219e-01
4.017790031516814409e-02 3.159270843261205441e-02 -5.436184588921075811e-01
3.571841891571081451e-02 8.219248215960466009e-02 -5.438267604564064328e-01
-7.193921744171056197e-03 7.643882909730087549e-02 -5.460602646014003358e-01
-2.963622276811701556e-03 2.017156724298646911e-02 -5.462796422420355125e-01
4.017932273900532564e-02 2.613767360592286412e-02 -5.434327330738718542e-01
1.576256565015727862e-01 -1.795717544392171072e-01 -5.456399510466052316e-01
9.465265772367856267e-02 -1.795836237983836903e-01 -5.461231535256708680e-01
9.465270678150104755e-02 -2.266539656273210968e-01 -5.462975168136910975e-01
1.576222794597776089e-01 -2.266369931440696261e-01 -5.458830174134974289e-01
1.003830342415307081e-01 -1.795919793809591658e-01 -5.457982203588271908e-01
9.465656281407730521e-02 -2.227109029715571842e-01 -5.460558368882546532e-01
1.518907525821066307e-01 -2.266276236048269110e-01 -5.461768783963265594e-01
1.576220788778379678e-01 -1.840199562725239602e-01 -5.457794354231149114e-01
1.060569585073404542e-01 -1.795807812170716056e-01 -5.460562575110318173e-01
9.465898881766583728e-02 -2.182640918044338185e-01 -5.458963925390817318e-01
1.462191173695806257e-01 -2.266397460757433591e-01 -5.459655749449726647e-01
1.576283766647025020e-01 -1.882533694317470307e-01 -5.455652665518552213e-01
1.120095295060229840e-01 -1.795803306287745149e-01 -5.459905753870013534e-01
9.465402133599434831e-02 -2.140265714690556820e-01 -5.461726376332564081e-01
1.402670398157886134e-01 -2.266403293245665418e-01 -5.460286980200848017e-01
1.576248273872064842e-01 -1.927014842963728214e-01 -5.457037186064358503e-01
1.174611563812938270e-01 -1.795782559454422445e-01 -5.459799271887582073e-01
9.465648968287006249e-02 -2.095797460866252460e-01 -5.460106949778251728e-01
1.348157922213888416e-01 -2.266426325527864383e-01 -5.460450095288743588e-01
1.576310703324073081e-01 -1.969351944231356455e-01 -5.454915429145262840e-01
1.234137486881836804e-01 -1.795779731718870065e-01 -5.459092593132378601e-01
9.465136010315801374e-02 -2.053423395584174360e-01 -5.462964897016230337e-01
1.288636926220220191e-01 -2.266433424556577036e-01 -5.461051717099402181e-01
1.576158575239663684e-01 -2.010945367705002096e-01 -5.460463124690141390e-01
1.288652506452636071e-01 -1.795759641957933306e-01 -5.458966555893826067e-01
9.464609722888264742e-02 -2.011049250936245703e-01 -5.465901588594531679e-01
1.234123124119272108e-01 -2.266457052317217558e-01 -5.461200870225765280e-01
1.576220942248429402e-01 -2.053285014496569749e-01 -5.458342636265149928e-01
1.348178564609293084e-01 -1.795758006359644277e-01 -5.458224476193480612e-01
9.465810110600147986e-02 -1.969518970042935802e-01 -5.458683600209660591e-01
1.174601924857982954e-01 -2.266465782614381641e-01 -5.461764338245221895e-01
1.576282724023636839e-01 -2.095626007132539714e-01 -5.456243753016225551e-01
1.402692282430907100e-01 -1.795738324053847979e-01 -5.458086314895327362e-01
9.465279619998545613e-02 -1.927147765227897047e-01 -5.461644562368359601e-01
1.120086790506793772e-01 -2.266490223257192627e-01 -5.461894430148549473e-01
1.576248411270703975e-01 -2.140102988084352231e-01 -5.457586069631289449e-01
1.462218341639369423e-01 -1.795737462694852182e-01 -5.457321264286587592e-01
9.465544658888191965e-02 -1.882676974258751523e-01 -5.459918016490078463e-01
1.060565352790288768e-01 -2.266500978062847005e-01 -5.462410530974128875e-01
1.576309429433247478e-01 -2.182446495961708754e-01 -5.455514771577301136e-01
1.518915150662646096e-01 -1.795613512744710649e-01 -5.460259170023818998e-01
9.464996467459338425e-02 -1.840307329125409064e-01 -5.462983277526415327e-01
1.003813479811105358e-01 -2.266605573610093460e-01 -5.460688664984694185e-01
1.576275482344367540e-01 -2.226922845504245574e-01 -5.456843864957562351e-01
4.779978712829859033e-02 -1.706210623153815997e-01 -5.470462526461786767e-01
-1.908651189413197724e-02 -1.706529701888049866e-01 -5.469439014021251211e-01
-1.908148751928373868e-02 -2.152081828023062471e-01 -5.475841271166307367e-01
4.779764215889851370e-02 -2.151723484518542340e-01 -5.475998967021146191e-01
-1.313284221478986692e-02 -1.706500136625403174e-01 -5.469566755955310722e-01
-1.908293052190943029e-02 -2.112666567597132894e-01 -5.473055116882511451e-01
4.162055496644729430e-02 -2.151784324307283724e-01 -5.475317753366188978e-01
4.779726998936669607e-02 -1.745629507431872840e-01 -5.473690113220204267e-01
-6.952897861826083138e-03 -1.706483061084936304e-01 -5.469278844470002454e-01
-1.908442060914136360e-02 -2.073249920420876524e-01 -5.470164317015502320e-01
3.566871403071306124e-02 -2.151802054862556601e-01 -5.475643768773919007e-01
4.780090043250596193e-02 -1.788026129109097362e-01 -5.469706350936034411e-01
-9.995645951348562045e-04 -1.706454372769598549e-01 -5.469379208469163922e-01
-1.908300384388967805e-02 -2.030840115000562829e-01 -5.473767620023213265e-01
2.949096248221591554e-02 -2.151853226695132626e-01 -5.475196258909428293e-01
4.779847542505583774e-02 -1.827444819985472035e-01 -5.472825516598103235e-01
5.227048975368113297e-03 -1.706436001987650664e-01 -5.469133738054693383e-01
-1.908454004112540917e-02 -1.991423837438773270e-01 -5.470774313244611831e-01
2.353888535798069961e-02 -2.151872414843611359e-01 -5.475486778771059271e-01
4.779614804799035832e-02 -1.866861459260667766e-01 -5.475829884947918114e-01
1.140661491322912321e-02 -1.706410434197468684e-01 -5.469103615221375669e-01
-1.908305082351743204e-02 -1.949013786560739314e-01 -5.474538677798649333e-01
1.736061253830024909e-02 -2.151913314718869041e-01 -5.475287507183813629e-01
4.779962143646350470e-02 -1.909260356966925587e-01 -5.472030828928692303e-01
1.735954690351361462e-02 -1.706395809961986920e-01 -5.468773289749840893e-01
-1.908463644294364561e-02 -1.909597898874451360e-01 -5.471435500997506862e-01
1.140830286999301897e-02 -2.151933958152502657e-01 -5.475542576289557095e-01
4.779737492967593704e-02 -1.948676949491506827e-01 -5.474940028108159495e-01
2.353868401737874497e-02 -1.706356011872997291e-01 -5.469181553019359932e-01
-1.908306814130388690e-02 -1.867187579666201025e-01 -5.475375668763310388e-01
5.229664642779812203e-03 -2.151964235288698901e-01 -5.475599958193505534e-01
4.780071451280194089e-02 -1.991076094374356897e-01 -5.471298414239220698e-01
2.949138407025330214e-02 -1.706342185219045238e-01 -5.468826262096028179e-01
-1.908470685407998718e-02 -1.827772104342311188e-01 -5.472154460827413081e-01
-9.966684410796363899e-04 -2.151989146501467332e-01 -5.475782393181063412e-01
4.779854452819836536e-02 -2.030492663446223645e-01 -5.474117564458786944e-01
3.566982630242090252e-02 -1.706288938282010115e-01 -5.469648952540107079e-01
-1.908640832179542279e-02 -1.788354983086849481e-01 -5.468793779938938560e-01
-6.949387205136719689e-03 -2.152022371270973511e-01 -5.475736214671829138e-01
4.780176028968986801e-02 -2.072892014278714667e-01 -5.470621641301686156e-01
4.162227050266217171e-02 -1.706276032912491247e-01 -5.469264918874716663e-01
-1.908474779147643907e-02 -1.745946453956864763e-01 -5.472938934713957870e-01
-1.312843699988468574e-02 -2.152047076669666714e-01 -5.475924592671104207e-01
4.779966275037423468e-02 -2.112308579751941418e-01 -5.473355542979222443e-01
1.906459500665360074e-01 -1.212053110594416699e-01 -5.480082927953608962e-01
1.391591030895789061e-01 -1.212185218855121455e-01 -5.481426839543294127e-01
1.391717932139472091e-01 -1.900857858607235829e-01 -5.478403851779866107e-01
1.906587340160962318e-01 -1.900629885197178126e-01 -5.478010391785377298e-01
1.436049460333028716e-01 -1.212141630382769647e-01 -5.482647276948729997e-01
1.391780602592547766e-01 -1.839183245652321053e-01 -5.475825616103143778e-01
1.862130845098719512e-01 -1.900682015773870193e-01 -5.477169387757162555e-01
1.906614664849755891e-01 -1.274393039160910679e-01 -5.475902668019807518e-01
1.485529218117860872e-01 -1.212120240415393568e-01 -5.482879238960199908e-01
1.391720980907364680e-01 -1.774602032479863367e-01 -5.477945170077924697e-01
1.812654031003656241e-01 -1.900713137787806983e-01 -5.476958756986892718e-01
1.906554887781212737e-01 -1.336108128073835999e-01 -5.477696918564896045e-01
1.532879035576547033e-01 -1.212207488162511948e-01 -5.478627864329638220e-01
1.391682510030002318e-01 -1.715050856702071413e-01 -5.479264737844833366e-01
1.765336586956128273e-01 -1.900634533247319014e-01 -5.479679978262574913e-01
1.906615728947783084e-01 -1.400648247305266714e-01 -5.476144860236243916e-01
1.577334379632004957e-01 -1.212163862108453921e-01 -5.479849692350169388e-01
1.391621249931999649e-01 -1.650475482832772789e-01 -5.481448258659192829e-01
1.720876861351745002e-01 -1.900686651403657723e-01 -5.478839047652794836e-01
1.906553605142057572e-01 -1.462356849282437365e-01 -5.478004472167884442e-01
1.626812636983722693e-01 -1.212141969767446675e-01 -5.480102455819390039e-01
1.391685442982417142e-01 -1.588796094630451072e-01 -5.478810481797202758e-01
1.671398169049155280e-01 -1.900717844428884695e-01 -5.478626418001426579e-01
1.906490005550075251e-01 -1.524058751019252700e-01 -5.479906116015174078e-01
1.671263007468998529e-01 -1.212098967758368784e-01 -5.481298661950331219e-01
1.391623662604550837e-01 -1.524225345176692947e-01 -5.481014036375438936e-01
1.626933603920086568e-01 -1.900769677675211711e-01 -5.477793515495832377e-01
1.906551709351664570e-01 -1.588603952049819634e-01 -5.478329067441998212e-01
1.720737695130701295e-01 -1.212077412086110945e-01 -5.481537568211997113e-01
1.391688628867144562e-01 -1.462539787675506686e-01 -5.478346474692665780e-01
1.577451179372080792e-01 -1.900800628955136296e-01 -5.477587555908728367e-01
1.906487014948869685e-01 -1.650299849580393885e-01 -5.480261179512539993e-01
1.765183427648121806e-01 -1.212035172152220730e-01 -5.482702374817567392e-01
1.391753893802861186e-01 -1.400846652474916354e-01 -5.475668149868070378e-01
1.532981619662603101e-01 -1.900851916865443358e-01 -5.476769747069392125e-01
1.906549474199845662e-01 -1.714849563887134998e-01 -5.478663092135601653e-01
1.812543694386341830e-01 -1.212117242762255909e-01 -5.478665412108026933e-01
1.391691841498331472e-01 -1.336281636155290664e-01 -5.477881418169935346e-01
1.485675158782204797e-01 -1.900775728252324659e-01 -5.479425091727682107e-01
1.906589591318302579e-01 -1.774383170510701047e-01 -5.477675968717805599e-01
1.862016553097053939e-01 -1.212095148356399782e-01 -5.478926651376745394e-01
1.391756786458534512e-01 -1.274581030765448153e-01 -5.475215459889644087e-01
1.436190953225412181e-01 -1.900806932346162936e-01 -5.479212214364478362e-01
1.906652715242825313e-01 -1.838939532540078692e-01 -5.476060590685661866e-01
7.673926049319294840e-02 1.575452226429590874e-01 -5.487851170261596190e-01
2.573909644284431281e-02 1.575555965575733131e-01 -5.489400875303317440e-01
2.574322951914447336e-02 8.947436330882840849e-02 -5.488325343739659523e-01
7.674605439867136780e-02 8.947095335991850362e-02 -5.485989919698929240e-01
3.018938715273918744e-02 1.575535185841135111e-01 -5.489645555545726863e-01
2.574018091060917973e-02 9.563775667551373261e-02 -5.495105169868395034e-01
7.201397427098016335e-02 8.946137866537849648e-02 -5.491883078113233285e-01
7.673651804926073794e-02 1.515886091866668062e-01 -5.490071662233508842e-01
3.491495021005733279e-02 1.575566265619658124e-01 -5.488184997311893465e-01
2.574244461926721364e-02 1.021007410326118525e-01 -5.488570792261188158e-01
6.734838737322958180e-02 8.947527331493347613e-02 -5.484302037134416441e-01
7.674208134983688534e-02 1.454239772570438127e-01 -5.486369096368191034e-01
3.958951780497943496e-02 1.575494536474179308e-01 -5.490057094894366108e-01
2.573968673804227086e-02 1.082639377038976669e-01 -5.494624322529175764e-01
6.261739297767340839e-02 8.946597941144401878e-02 -5.490033646195507933e-01
7.673740717664255528e-02 1.389639995498874459e-01 -5.489991282739480338e-01
4.431537268737516244e-02 1.575534423301050979e-01 -5.488310791682420309e-01
2.574090423810539846e-02 1.142226027774969760e-01 -5.490772468408097184e-01
5.816920986505742797e-02 8.946923283375837754e-02 -5.488540778649216856e-01
7.674325219544184118e-02 1.327989297198998719e-01 -5.486087620310460267e-01
4.876521077639426466e-02 1.575509687999338271e-01 -5.488682987099064992e-01
2.574272408790728717e-02 1.206856751427832775e-01 -5.485346970378229825e-01
5.321952606682040648e-02 8.947030018615688418e-02 -5.488344844619886809e-01
7.674028166716717614e-02 1.268428029514016564e-01 -5.488470790487663953e-01
5.321480756382662020e-02 1.575482407713143518e-01 -5.489137699954733662e-01
2.574023707118454352e-02 1.268488920199227765e-01 -5.490723715114307346e-01
4.877053505129012173e-02 8.947323807172927190e-02 -5.487033067975427558e-01
7.674645099187529795e-02 1.206770506858113462e-01 -5.484335836003204623e-01
5.816453885585377154e-02 1.575466761172834018e-01 -5.489167770718494932e-01
2.574119427788120265e-02 1.328075777655384482e-01 -5.487522166975127291e-01
4.432107713816069855e-02 8.947590633465832277e-02 -5.485876089365383512e-01
7.674138838982595689e-02 1.142180140693724449e-01 -5.488235000965736576e-01
6.261367015539091863e-02 1.575435735379221436e-01 -5.489743834013801616e-01
2.573892001037502569e-02 1.389705613515369031e-01 -5.492367433133390486e-01
3.959303476557761436e-02 8.946852094716080395e-02 -5.490514152255931979e-01
7.673816236087448173e-02 1.082625143608147295e-01 -5.490800621857960806e-01
6.734071678271752459e-02 1.575497839504676478e-01 -5.487279888392081473e-01
2.574042384925770074e-02 1.454338974343892255e-01 -5.487731356973347685e-01
3.492041747742263141e-02 8.947858173506537116e-02 -5.485131472847079026e-01
7.674467696876642597e-02 1.020961235365065445e-01 -5.486418972569818697e-01
7.201168580645762873e-02 1.575384229183054152e-01 -5.490506519680606878e-01
2.573830636543269351e-02 1.515967890204673874e-01 -5.492184911350057597e-01
3.019337743172681443e-02 8.947226244588432631e-02 -5.489157299311742122e-01
7.673928131195163760e-02 9.563817652555353654e-02 -5.490555930499001480e-01
-3.760001966039781124e-02 1.870698580292752544e-01 -5.518722141751555288e-01
-1.076181606180672268e-01 1.870944412471723384e-01 -5.518977611555260232e-01
-1.076113359837249234e-01 1.502192256338798770e-01 -5.521323568166788265e-01
-3.759510140282846385e-02 1.501962300755519952e-01 -5.522324324499842119e-01
-1.014459125517096494e-01 1.870968684253522807e-01 -5.517776534017495571e-01
-1.076158736938800653e-01 1.534497873273185375e-01 -5.519441068288051255e-01
-4.404539174913683214e-02 1.502027426406060129e-01 -5.520837347076136270e-01
-3.760304395018010393e-02 1.836350208878554102e-01 -5.515187575777903417e-01
-9.499120311506845105e-02 1.870873542768666797e-01 -5.519612640755215960e-01
-1.076229657804322060e-01 1.571841221807712408e-01 -5.516479333964872112e-01
-5.043868570060321826e-02 1.501946323742115730e-01 -5.523989578567536363e-01
-3.760088538889826831e-02 1.804023102929994959e-01 -5.517423037542814601e-01
-8.859917539102209194e-02 1.870984658264023826e-01 -5.516164428834123834e-01
-1.076273549848100614e-01 1.604149000573498185e-01 -5.514660521407737104e-01
-5.688991706684381339e-02 1.502018566780425057e-01 -5.522274536105002962e-01
-3.760403989838986827e-02 1.769673337586441797e-01 -5.513743751201858334e-01
-8.214535979951161082e-02 1.870892493739939044e-01 -5.517922546350478852e-01
-1.076205940870282735e-01 1.638541936963796297e-01 -5.517589753694838173e-01
-6.306133209060398037e-02 1.501997382987468044e-01 -5.523503847961455104e-01
-3.760183232130854397e-02 1.737346845072127721e-01 -5.516033680509020432e-01
-7.597261298343817304e-02 1.870907656177304978e-01 -5.516956081497117470e-01
-1.076249335388902856e-01 1.670851099325929567e-01 -5.515792033554464124e-01
-6.951399489830062395e-02 1.502081737169414510e-01 -5.521404419778115358e-01
-3.759955400527496827e-02 1.705019828429371054e-01 -5.518402248457895398e-01
-6.951999492648594514e-02 1.870823555959763573e-01 -5.518507728252736166e-01
-1.076183027818857774e-01 1.705240406933185848e-01 -5.518665986882430596e-01
-7.596768589469016231e-02 1.502174237970222981e-01 -5.519047596917322496e-01
-3.760286864555983238e-02 1.670669713969868686e-01 -5.514544969924900508e-01
-6.306817003803576183e-02 1.870747566730346367e-01 -5.519852916033768375e-01
-1.076225920278539860e-01 1.737550899573840901e-01 -5.516889560253207536e-01
-8.213959159307204771e-02 1.502151502979495457e-01 -5.520324827047861094e-01
-3.760053519902479408e-02 1.638343366290593295e-01 -5.516974801417927621e-01
-5.689584136969446510e-02 1.870760986934180969e-01 -5.518929684976918715e-01
-1.076268131453937821e-01 1.769862083979422129e-01 -5.515142280995680713e-01
-8.859478123324315835e-02 1.502251342819000690e-01 -5.517735107472582223e-01
-3.760400358486451489e-02 1.603991600171089382e-01 -5.512946654285044712e-01
-5.044509158440795005e-02 1.870696019035913704e-01 -5.519992662833134167e-01
-1.076203338100550910e-01 1.804248607886668465e-01 -5.517951666909309827e-01
-9.498386598856563279e-02 1.502121012873091910e-01 -5.522450386815402901e-01
-3.760161267129603913e-02 1.571665966230788303e-01 -5.515440344770150549e-01
-4.405006175503508453e-02 1.870757732779268490e-01 -5.517810268508080984e-01
-1.076245037769255619e-01 1.836560996069938889e-01 -5.516226085768390908e-01
-1.014401470097286151e-01 1.502223134820915851e-01 -5.519786669129707057e-01
-3.759769770928410998e-02 1.534289349462296115e-01 -5.519602288004474833e-01
-1.820976783254892317e-01 -1.634519823162446372e-01 -5.519855933191640807e-01
-2.573280951815877793e-01 -1.634748626365730428e-01 -5.522273935236960973e-01
-2.573300871782590593e-01 -2.236122014308743744e-01 -5.521754070804670844e-01
-1.820973371384854989e-01 -2.235812416034105854e-01 -5.519556612945747398e-01
-2.506527058992152335e-01 -1.634746828152315035e-01 -5.521523898461392355e-01
-2.573408536130685209e-01 -2.184459091275783860e-01 -5.519813337057076774e-01
-1.887726406599163909e-01 -2.235819816942415383e-01 -5.520178180594459416e-01
-1.821010995446846470e-01 -1.689056795873302153e-01 -5.518944194027558536e-01
-2.436809191421613063e-01 -1.634610985827524288e-01 -5.524617784125022135e-01
-2.573371932386632199e-01 -2.129914452659789625e-01 -5.520491958232432994e-01
-1.954479299209244958e-01 -2.235826907309063361e-01 -5.520806429609154131e-01
-1.821045407315839693e-01 -1.743595863846348903e-01 -5.518027480367517779e-01
-2.367978809692916353e-01 -1.634717473019655920e-01 -5.520708715677770106e-01
-2.573335619717977418e-01 -2.075371487896329747e-01 -5.521165448391425201e-01
-2.026261100468359777e-01 -2.235863115132547818e-01 -5.520874341734935964e-01
-1.821079904850900488e-01 -1.798136932684998024e-01 -5.517108700350505934e-01
-2.301227030390102513e-01 -1.634716872192024106e-01 -5.519924131429267966e-01
-2.573414759996217049e-01 -2.018676401209856808e-01 -5.519744192239871561e-01
-2.093014961265616813e-01 -2.235869951047175230e-01 -5.521508069404855723e-01
-1.820995724604451971e-01 -1.854804992061006019e-01 -5.519228875225059561e-01
-2.231523694796629653e-01 -1.634578106332991165e-01 -5.523102419354930515e-01
-2.573378472661987937e-01 -1.964134562500201298e-01 -5.520416969828713105e-01
-2.162671476710609220e-01 -2.236021717580250479e-01 -5.519094942802219572e-01
-1.821030190254732672e-01 -1.909347295236679953e-01 -5.518310698700272798e-01
-2.162684984225936580e-01 -1.634688987818404271e-01 -5.519066539553391104e-01
-2.573342637919099340e-01 -1.909594485300222522e-01 -5.521081691855317386e-01
-2.231554980111749853e-01 -2.235912987282778763e-01 -5.522209954454422309e-01
-1.821064559677122163e-01 -1.963891418166872072e-01 -5.517395108910333468e-01
-2.092992105091510957e-01 -1.634548340938805910e-01 -5.522299182975136667e-01
-2.573307348880468082e-01 -1.855056210978350273e-01 -5.521736679411756166e-01
-2.301222373587490933e-01 -2.236064862879194592e-01 -5.519794322719879798e-01
-1.821098755189165530e-01 -2.018437269705465609e-01 -5.516484084873473082e-01
-2.026246880243292581e-01 -1.634547981396674288e-01 -5.521507526663987919e-01
-2.573383960256822589e-01 -1.798354202351514775e-01 -5.520361139703579001e-01
-2.367982531023777037e-01 -2.236071680407626106e-01 -5.520428282706540957e-01
-1.821014985865753444e-01 -2.075097532109959064e-01 -5.518593631680048794e-01
-1.954465224444384419e-01 -1.634519361547089045e-01 -5.521473270190364602e-01
-2.573348840907819235e-01 -1.743817128896527069e-01 -5.521012771890544402e-01
-2.436856338152323387e-01 -2.235963435755703443e-01 -5.523533567765420704e-01
-1.821049045991363635e-01 -2.129644479433049353e-01 -5.517685887948786672e-01
-1.887721085864694226e-01 -1.634519480108179434e-01 -5.520667823838060206e-01
-2.573314467382207260e-01 -1.689281927003793149e-01 -5.521651044946127573e-01
-2.506539073162568632e-01 -2.236114895068081754e-01 -5.521126381082505086e-01
-1.821082813181494342e-01 -2.184192984798753456e-01 -5.516785753479309662e-01
9.199556099057391856e-02 -1.123577989021420052e-02 -5.576118695241495393e-01
3.847820973196471733e-02 -1.123871256747512211e-02 -5.579975661467924120e-01
3.847863743266229791e-02 -9.161971595327425555e-02 -5.585092153524774394e-01
9.199119156306363732e-02 -9.161544751162865874e-02 -5.580758028516286107e-01
4.312030528896612647e-02 -1.123189333439523520e-02 -5.601070237187661949e-01
3.848305276845758599e-02 -8.424930603806123075e-02 -5.579053978116502721e-01
8.704650808557164166e-02 -9.161144327426677669e-02 -5.583150967822486654e-01
9.199713983014971841e-02 -1.839817733245690742e-02 -5.575569485559285221e-01
4.806980376538200206e-02 -1.123460505944711210e-02 -5.590976379473244773e-01
3.847897263081707930e-02 -7.707808092162400648e-02 -5.583650172237175635e-01
8.210220596985520758e-02 -9.160745214772135492e-02 -5.585538027715168941e-01
9.199366047575553706e-02 -2.578028906960043096e-02 -5.577500877348551267e-01
5.301923086750115477e-02 -1.123678905939048435e-02 -5.582605082751305181e-01
3.848408588556932047e-02 -6.970674564445829280e-02 -5.576739215288256668e-01
7.715832677175239740e-02 -9.160352876207000783e-02 -5.587894474215678864e-01
9.199626277446350253e-02 -3.294310299144219412e-02 -5.576452187354198342e-01
5.796855753330908134e-02 -1.123856484814636340e-02 -5.575566282672315133e-01
3.848986683570928408e-02 -6.233387790696070380e-02 -5.568993331309509687e-01
7.250604714626694702e-02 -9.161575843650747453e-02 -5.582899410005286445e-01
9.200232785176354344e-02 -4.060775909164856395e-02 -5.573729478028185413e-01
6.260937859426798924e-02 -1.123349046530556367e-02 -5.590966228863835097e-01
3.848557140268414611e-02 -5.516336470165630196e-02 -5.573858559296815951e-01
6.756230398681445370e-02 -9.161187141029142333e-02 -5.585238965648658960e-01
9.200706657934093480e-02 -4.777263396913101340e-02 -5.571640178556979128e-01
6.755884279466942144e-02 -1.123514944807438819e-02 -5.584308704947076318e-01
3.849204413158938826e-02 -4.778819848817363047e-02 -5.565247001988115061e-01
6.261905144838944559e-02 -9.160819057985168656e-02 -5.587485169399289964e-01
9.200154745951318047e-02 -5.515304127312201793e-02 -5.574564804022176245e-01
7.250814462816970729e-02 -1.123654326947205566e-02 -5.578516780002106268e-01
3.848736507649969107e-02 -4.061839716343385726e-02 -5.570591883521471832e-01
5.796420448881623583e-02 -9.161963702266519294e-02 -5.582846044503018135e-01
9.200651945506595208e-02 -6.231871715743789869e-02 -5.572361614840388722e-01
7.714797018646879501e-02 -1.123237027189960720e-02 -5.590974802720440895e-01
3.847945871463646222e-02 -3.294702314567176521e-02 -5.579938176540790717e-01
5.302110238971041722e-02 -9.161603699902590159e-02 -5.585055145861255177e-01
9.200001903517812663e-02 -6.969719588343520345e-02 -5.575764935208452622e-01
8.209734674346905181e-02 -1.123368252454023594e-02 -5.585449134188548159e-01
3.847499692354292011e-02 -2.578123491031114600e-02 -5.585015035458240629e-01
4.807852284858500636e-02 -9.161283359615597643e-02 -5.587084616461597264e-01
9.199311259960529785e-02 -7.707396238495374530e-02 -5.579366745606461064e-01
8.704654024945392143e-02 -1.123480951522134660e-02 -5.580528268323907692e-01
3.848108142617258365e-02 -1.840254488641927463e-02 -5.576885179633053191e-01
4.313646326932325109e-02 -9.161014600827169230e-02 -5.588880483770842789e-01
9.199820630702512658e-02 -8.424029363729323983e-02 -5.577103603090596273e-01
-1.344430217598210353e-01 2.116458063491206409e-01 -5.617197829743112436e-01
-2.181999564656671442e-01 2.116708011019214630e-01 -5.619302122901954633e-01
-2.181746887636165921e-01 1.490559585767571582e-01 -5.623596879379924030e-01
-1.344173980193503759e-01 1.490304547236137311e-01 -5.623956308949181748e-01
-2.108222730104677145e-01 2.116729528406595950e-01 -5.618286224820443486e-01
-2.181726149262482040e-01 1.547134864581961589e-01 -5.623986808771864743e-01
-1.420910806601375365e-01 1.490456554720177573e-01 -5.620489182809387252e-01
-1.344322688334756155e-01 2.061906839039507056e-01 -5.620220249657221778e-01
-2.029403480313659580e-01 2.116711948332411497e-01 -5.617974871232631617e-01
-2.181704969994701093e-01 1.603708562610875188e-01 -5.624384638830851602e-01
-1.496722404227735503e-01 1.490298901293721501e-01 -5.625282019647581677e-01
-1.344175858985973415e-01 2.002304103718807460e-01 -5.624361561159829659e-01
-1.952651151149308595e-01 2.116561760676465009e-01 -5.620210677822633505e-01
-2.181683438678437836e-01 1.660280710955415462e-01 -5.624788780425188373e-01
-1.573476341531972189e-01 1.490450865658186075e-01 -5.621815560983268734e-01
-1.344194198621442016e-01 1.945754531039750879e-01 -5.623786872348010002e-01
-1.878878962739093939e-01 2.116584029464973760e-01 -5.619180214850040267e-01
-2.181833901323349811e-01 1.719795902277063415e-01 -5.622121991804619467e-01
-1.649271387442540759e-01 1.490293699861636456e-01 -5.626596067581148830e-01
-1.344212954238440949e-01 1.889203705184086812e-01 -5.623200308482301235e-01
-1.800068876609582924e-01 2.116567439296891950e-01 -5.618850005196056596e-01
-2.181813137307556938e-01 1.776370854271197286e-01 -5.622512201207441329e-01
-1.726041472258779408e-01 1.490444803205164259e-01 -5.623152212209931999e-01
-1.344232101263202750e-01 1.832651540414486357e-01 -5.622602573159147799e-01
-1.726294910724353593e-01 2.116589586385964339e-01 -5.617822052405589961e-01
-2.181792052434830820e-01 1.832944279306958912e-01 -5.622908173423338818e-01
-1.799799055680222915e-01 1.490422465983455569e-01 -5.624316709776948642e-01
-1.344251607855687647e-01 1.776097945980921189e-01 -5.621994577743297805e-01
-1.649573164755803734e-01 2.116443819584163943e-01 -5.619974125232846118e-01
-2.181770721982408956e-01 1.889516215362003482e-01 -5.623308561589861476e-01
-1.878607578695069003e-01 1.490439524870324495e-01 -5.624468164326122954e-01
-1.344271433733474908e-01 1.719542826234952970e-01 -5.621377474983961786e-01
-1.573710060785337983e-01 2.116594371641740691e-01 -5.616478893359172497e-01
-2.181749215032716960e-01 1.946086703066494117e-01 -5.623712129573500418e-01
-1.952364419307053844e-01 1.490418214244668416e-01 -5.625605396350391585e-01
-1.344115656879138476e-01 1.659965158221688719e-01 -5.625774999207201477e-01
-1.497002472279837515e-01 2.116451695322418280e-01 -5.618571470456863448e-01
-2.181727594711494744e-01 2.002655785087904539e-01 -5.624117747723130778e-01
-2.029165555180671154e-01 1.490564492507845951e-01 -5.622290801823505157e-01
-1.344134816014769807e-01 1.603413206874272356e-01 -5.625176818204820073e-01
-1.421123544245135040e-01 2.116596883546438823e-01 -5.615179446755207415e-01
-2.181882966476157426e-01 2.062198245195028812e-01 -5.621364072821104507e-01
-2.107984093127746039e-01 1.490580569392132571e-01 -5.622468511698576199e-01
-1.344154277742154457e-01 1.546859704906893840e-01 -5.624569998392059400e-01
1.248472247007689079e-01 -8.346439733917680737e-02 -5.646182675098342374e-01
3.443318448020183525e-02 -8.349546012636951953e-02 -5.642043610032818624e-01
3.443794350682927163e-02 -1.489064959367324414e-01 -5.640655919127253171e-01
1.248610882157106944e-01 -1.488608585641083282e-01 -5.643258522254203102e-01
4.251666087418630446e-02 -8.348366406315473054e-02 -5.646498987155802451e-01
3.443060508790209140e-02 -1.429374349752141893e-01 -5.649412268894915545e-01
1.167852313176463847e-01 -1.488759319107220147e-01 -5.640211291893062473e-01
1.248515775339797684e-01 -8.961877545317059601e-02 -5.644954512119152445e-01
5.067726199809057669e-02 -8.349855313971216164e-02 -5.638858274655419445e-01
3.443624635579776300e-02 -1.370944450366258782e-01 -5.641953642886594622e-01
1.084133023627782411e-01 -1.488734290082430745e-01 -5.641692209666107072e-01
1.248387529739446028e-01 -9.547763789925917122e-02 -5.649090813140977829e-01
5.905143311257824573e-02 -8.350269508128442542e-02 -5.636062148904940061e-01
3.443441678835611891e-02 -1.309345586141293372e-01 -5.643810994477098664e-01
1.000418560470103524e-01 -1.488712439664796050e-01 -5.643091968279907444e-01
1.248564613403558288e-01 -1.014256362876486683e-01 -5.643682384614021608e-01
6.713163975989706878e-02 -8.348933194833206561e-02 -5.641226994559364050e-01
3.443437584183260680e-02 -1.252824966212690017e-01 -5.643468095926007511e-01
9.196262033658654522e-02 -1.488855939083361946e-01 -5.640230473539671330e-01
1.248432561441140259e-01 -1.072831938962148929e-01 -5.647937058134019361e-01
7.550591971133821523e-02 -8.349341866552720259e-02 -5.638455429223460103e-01
3.443236543228317403e-02 -1.191227020405394577e-01 -5.645551538643907019e-01
8.359102767386870914e-02 -1.488836797389225530e-01 -5.641560519677646379e-01
1.248476138073818797e-01 -1.134381540332153882e-01 -5.646707209519247206e-01
8.358189431134786795e-02 -8.347933178954555777e-02 -5.643950113721738493e-01
3.443228971482285850e-02 -1.134706869389761064e-01 -5.645252110703873338e-01
7.550893549468658261e-02 -1.488968320273085788e-01 -5.639006895122702367e-01
1.248478524387110211e-01 -1.190895736871972060e-01 -5.646754420281732134e-01
9.195627845388353039e-02 -8.348344812425721739e-02 -5.641164742026293366e-01
3.443005967924680361e-02 -1.073110217689044604e-01 -5.647610148527417717e-01
6.713717306575558985e-02 -1.488951687711357608e-01 -5.640272287750290880e-01
1.248522164514870025e-01 -1.252451073072591015e-01 -5.645522761469551343e-01
1.000286587998911875e-01 -8.346951291267835915e-02 -5.646592047609714227e-01
3.443750523563211818e-02 -1.014666385996651349e-01 -5.637895893805792147e-01
5.905233573537346792e-02 -1.489064947795474270e-01 -5.638187622673719313e-01
1.248524216021925093e-01 -1.308966735869860065e-01 -5.645580443136870574e-01
1.084031633036781489e-01 -8.347364893987913037e-02 -5.643797434854934680e-01
3.442743540894174781e-02 -9.549959907514361801e-02 -5.650067024382960934e-01
5.068041550730378875e-02 -1.489050471384140151e-01 -5.639397341542723430e-01
1.248567279311961903e-01 -1.370527084545389296e-01 -5.644366955913057149e-01
1.167782053386406949e-01 -8.347758826702243729e-02 -5.641091971021849893e-01
3.443556833517782967e-02 -8.965483816433986175e-02 -5.639493294737175644e-01
4.252483761553554203e-02 -1.488970403016288691e-01 -5.642263437487626820e-01
1.248432822818459770e-01 -1.429058654139064022e-01 -5.648696664764847331e-01
-5.844220344997115568e-02 1.897153951780486680e-01 -5.664093685329906203e-01
-1.493965939280246513e-01 1.897593314427272193e-01 -5.662348550594390462e-01
-1.493979064534805556e-01 1.359563224297770379e-01 -5.661647683407281528e-01
-5.843844517915052633e-02 1.359204363094450585e-01 -5.664967183549515228e-01
-1.410178337779919855e-01 1.897484062327889076e-01 -5.663858683657257975e-01
-1.494086044099689481e-01 1.409012418923819010e-01 -5.659072829046633002e-01
-6.681078135262852324e-02 1.359285416765277921e-01 -5.663344658724928093e-01
-5.845576858886751548e-02 1.848874254606114320e-01 -5.655994145817045959e-01
-1.329361408195290362e-01 1.897554379386980350e-01 -5.661868550273870815e-01
-1.494193493975185250e-01 1.458467135321352415e-01 -5.656487274488526396e-01
-7.518465088928702467e-02 1.359376297274931811e-01 -5.661453107926549544e-01
-5.844896305433468914e-02 1.799340364426088856e-01 -5.659874209676841739e-01
-1.245587337386139665e-01 1.897447182258777953e-01 -5.663338211032246106e-01
-1.493964884598970033e-01 1.506943058473431962e-01 -5.662097908280683267e-01
-8.326626153259265861e-02 1.359306712207337953e-01 -5.663940734977814806e-01
-5.844185786678950806e-02 1.749805893553686431e-01 -5.663930682495342817e-01
-1.161824805062538352e-01 1.897343868294779079e-01 -5.664732234296204760e-01
-1.494072378821667824e-01 1.556402411015269382e-01 -5.659510526884661274e-01
-9.164188400119541167e-02 1.359403173240413543e-01 -5.661895836758552569e-01
-5.844686562670408508e-02 1.703436809300384602e-01 -5.660869578567820914e-01
-1.081002605224472279e-01 1.897407705343644724e-01 -5.662868847966318064e-01
-1.494179653250433948e-01 1.605866641937891692e-01 -5.656929205871100708e-01
-9.972222035612322844e-02 1.359324978723191746e-01 -5.664620071211655672e-01
-5.844912053556163001e-02 1.651987517081232315e-01 -5.659415229035321682e-01
-9.972541523636431482e-02 1.897308837629958500e-01 -5.664175466324965491e-01
-1.494097063150009452e-01 1.652305494555746657e-01 -5.658976347775863669e-01
-1.080995465104244158e-01 1.359424949646957370e-01 -5.662478688158434359e-01
-5.845453961092389461e-02 1.605612609728856721e-01 -5.656112236837702589e-01
-9.164242272963676883e-02 1.897364428731927177e-01 -5.662474218004960314e-01
-1.494058961549624420e-01 1.703788542849121179e-01 -5.659942159895716696e-01
-1.161787035092146786e-01 1.359341986575301753e-01 -5.665334070184775417e-01
-5.844691540439621996e-02 1.556083760246896042e-01 -5.660473943645820682e-01
-8.326898023916591562e-02 1.897271275364960097e-01 -5.663668512754205242e-01
-1.493977317147731632e-01 1.750217682077899461e-01 -5.661966693230122694e-01
-1.245576552866783093e-01 1.359443800074735531e-01 -5.663141994811352609e-01
-5.843892737730737447e-02 1.506554912802193502e-01 -5.665049859823307887e-01
-7.518526668879281505e-02 1.897316033662642398e-01 -5.662180218944027343e-01
-1.494083613497072249e-01 1.799692234804529667e-01 -5.659408759569070080e-01
-1.329378744783825395e-01 1.359546336409770129e-01 -5.660930507171808568e-01
-5.845519402644577811e-02 1.458252591092799588e-01 -5.655360864986126446e-01
-6.681319690815780421e-02 1.897229956492566261e-01 -5.663235432123131519e-01
-1.494188902291869736e-01 1.849170632405588988e-01 -5.656875984631394294e-01
-1.410162746013330359e-01 1.359461337741735276e-01 -5.663841467195153134e-01
-5.844702294726745323e-02 1.408728185690999724e-01 -5.660044289796377637e-01
2.523943375341424974e-02 -1.627759319747030253e-01 -5.712004953468660107e-01
-4.969958446103065614e-02 -1.628058416545796194e-01 -5.712495150497208796e-01
-4.968976098239751699e-02 -2.629447369135141099e-01 -5.716025456802377169e-01
2.524268089881677793e-02 -2.628997695018551739e-01 -5.715406587811512340e-01
-4.284058470485876263e-02 -1.628034377993733406e-01 -5.712380168266327773e-01
-4.969423957504708056e-02 -2.536772134049494754e-01 -5.713395939059003892e-01
1.838616421219386662e-02 -2.629040043264303517e-01 -5.715447599415601765e-01
2.524116386345081134e-02 -1.718573628263583286e-01 -5.710105388064904419e-01
-3.598175008991943286e-02 -1.628010010945238617e-01 -5.712272106303453167e-01
-4.969260773233311057e-02 -2.445944926518746898e-01 -5.714703303771752063e-01
1.181525910301041947e-02 -2.629098479878714811e-01 -5.715257749871376358e-01
2.524277322401384527e-02 -1.809387913520307534e-01 -5.708391560595069691e-01
-2.912308407646223632e-02 -1.627985281107103555e-01 -5.712171686219446043e-01
-4.969083257835000406e-02 -2.355118111948587278e-01 -5.716103123835302169e-01
4.958297110095944045e-03 -2.629130444942111011e-01 -5.715433516106063205e-01
2.524075699996282396e-02 -1.902046904879380607e-01 -5.712269801994024343e-01
-2.226459078106306222e-02 -1.627960159231184312e-01 -5.712079523654377544e-01
-4.968889930583351988e-02 -2.264291747912262620e-01 -5.717604952267651974e-01
-1.898813808511234155e-03 -2.629162503302123199e-01 -5.715608081474399249e-01
2.523781161972867004e-02 -1.989601676436499600e-01 -5.717534409045607058e-01
-1.562032871943024905e-02 -1.627905401459387724e-01 -5.712633058080474058e-01
-4.969390265310446447e-02 -2.171616165901034956e-01 -5.714636903674287227e-01
-8.756074535640822470e-03 -2.629194685258453568e-01 -5.715781052983144317e-01
2.523948006692395066e-02 -2.080418233638362535e-01 -5.715729678478677078e-01
-8.762422074447854745e-03 -1.627892115561040409e-01 -5.712292088521349065e-01
-4.969187375682018043e-02 -2.080791120211958889e-01 -5.716200400963019623e-01
-1.561348626045452707e-02 -2.629227020056512654e-01 -5.715952051369933562e-01
2.524105240240963680e-02 -2.171234659090636177e-01 -5.714072788380832879e-01
-1.904597027649684035e-03 -1.627878576422301660e-01 -5.711956439276500985e-01
-4.968964965378559057e-02 -1.989966758416978898e-01 -5.717889830962569198e-01
-2.225706590284661987e-02 -2.629284836229197619e-01 -5.715771829750069255e-01
2.523957250492113100e-02 -2.263889860690561362e-01 -5.717126032443710093e-01
4.953143224749791823e-03 -1.627864651657992545e-01 -5.711628894540831114e-01
-4.969785927948897064e-02 -1.902385548157370376e-01 -5.712839096090002178e-01
-2.911494748531077634e-02 -2.629325333191372960e-01 -5.715836978922506084e-01
2.524109546288268516e-02 -2.354707153248608298e-01 -5.715545093490491668e-01
1.181079329150470231e-02 -1.627850216388009863e-01 -5.711312081147628117e-01
-4.970399340134318972e-02 -1.809702365547490588e-01 -5.709141740215580851e-01
-3.597302345094047921e-02 -2.629365925192119757e-01 -5.715900911997081613e-01
2.524254327029958750e-02 -2.445524319748625386e-01 -5.714079750823176651e-01
1.838238108927934406e-02 -1.627791407332394857e-01 -5.711950510555626748e-01
-4.970190568954790944e-02 -1.718879849344605026e-01 -5.710743127055050161e-01
-4.283129443101536815e-02 -2.629406606067562491e-01 -5.715963709031165463e-01
2.524392377028365428e-02 -2.536341386734600745e-01 -5.712717939413634038e-01
-1.931314731824408382e-01 1.677882290260200304e-01 -5.729039029191802523e-01
-2.918170367965888801e-01 1.678087382811589978e-01 -5.731683989643198140e-01
-2.918108499619911367e-01 1.036558148372770799e-01 -5.732331303700609615e-01
-1.931259673733420057e-01 1.036449017009304502e-01 -5.729736505054803253e-01
-2.830464570692629023e-01 1.678183262567496947e-01 -5.729140749448504710e-01
-2.918050945981781052e-01 1.095111053971090376e-01 -5.732990318930474283e-01
-2.022121964479738909e-01 1.036518475081610741e-01 -5.728023689800949558e-01
-1.931195878079651207e-01 1.616355512973769171e-01 -5.731047151693805519e-01
-2.739581359009831685e-01 1.678097994585666108e-01 -5.730239865846431524e-01
-2.918095911888694549e-01 1.151564776256605721e-01 -5.732484199580403228e-01
-2.109783970695636723e-01 1.036421858863356971e-01 -5.731746757575804097e-01
-1.931131354608658368e-01 1.559879404434694194e-01 -5.732128909473082068e-01
-2.648704623801100277e-01 1.678010978357310501e-01 -5.731374493998028230e-01
-2.918032974000351887e-01 1.210112668990793311e-01 -5.733204520831833850e-01
-2.200655470283215676e-01 1.036490063542289397e-01 -5.730075072449878348e-01
-1.931220955179662191e-01 1.501388365504856826e-01 -5.730574844471718610e-01
-2.560997655882469304e-01 1.678112598643386189e-01 -5.728715166440088158e-01
-2.917965658466844525e-01 1.268655690367611055e-01 -5.733975138996748599e-01
-2.291532988279919025e-01 1.036555555331559603e-01 -5.728492610202151614e-01
-1.931157463925521622e-01 1.444915900374642570e-01 -5.731638899505085982e-01
-2.470129887384154288e-01 1.678024909132058151e-01 -5.729863339732897964e-01
-2.918171700758371845e-01 1.328048362243899050e-01 -5.731638791133601973e-01
-2.379194851005942968e-01 1.036467347960772778e-01 -5.731939482501265948e-01
-1.931245026023320766e-01 1.386416815277994319e-01 -5.730119747512427697e-01
-2.379269327239187382e-01 1.677935611586832965e-01 -5.731044208880650137e-01
-2.918104355539569705e-01 1.386591986779389385e-01 -5.732408543278106894e-01
-2.470081032670099486e-01 1.036531641861391240e-01 -5.730396345124059154e-01
-1.931330135011333216e-01 1.327909918747126328e-01 -5.728642969352540915e-01
-2.291558912571326767e-01 1.678042717991525545e-01 -5.728273938264453191e-01
-2.918033168507477293e-01 1.445130552815908354e-01 -5.733222497525795047e-01
-2.560972472112882370e-01 1.036593457953527836e-01 -5.728934695063361282e-01
-1.931073216730681552e-01 1.268449933058858337e-01 -5.733012898692662063e-01
-2.200707726364919126e-01 1.677952900797026747e-01 -5.729465223297200982e-01
-2.918086425566367992e-01 1.501592846594243247e-01 -5.732622143803262071e-01
-2.648636509684401674e-01 1.036512828715657336e-01 -5.732132657793828079e-01
-1.931158374634074637e-01 1.209944214228444864e-01 -5.731534264540349977e-01
-2.109864633283628776e-01 1.677861791902267308e-01 -5.730682829565088010e-01
-2.918011339838999518e-01 1.560125877591766741e-01 -5.733480510042459066e-01
-2.739536208390291883e-01 1.036573540587427261e-01 -5.730707268918490138e-01
-1.931240116849488320e-01 1.151430499195459228e-01 -5.730114466091782432e-01
-2.022147991750690710e-01 1.677973646486060344e-01 -5.727816541865909938e-01
-2.918066509625831251e-01 1.616590736307680631e-01 -5.732858335018481410e-01
-2.830440624959695284e-01 1.036632025178382127e-01 -5.729355126837525347e-01
-1.931182660567570541e-01 1.094971279740083320e-01 -5.731075382114987349e-01
1.328938597926196397e-01 -2.529764687205660056e-02 -5.752856884901841328e-01
5.129847800877457287e-02 -2.530002047093155709e-02 -5.761123856308031366e-01
5.131957774296307118e-02 -1.345305341793601173e-01 -5.751313110214225643e-01
1.329098479735303373e-01 -1.345027614183656184e-01 -5.750785470268275912e-01
5.884750928290359562e-02 -2.529514858314424464e-02 -5.766128265570034106e-01
5.131864811205198718e-02 -1.247558015596254150e-01 -5.751551963963152936e-01
1.255553703609456340e-01 -1.344957224103660309e-01 -5.753128696177524093e-01
1.328977574858806465e-01 -3.556958326331931264e-02 -5.752062696629572924e-01
6.621083717735255780e-02 -2.530204751495530868e-02 -5.756561622065521355e-01
5.130227271487589058e-02 -1.146565615046584025e-01 -5.762076420327197912e-01
1.180032104781755936e-01 -1.345047852516197406e-01 -5.751615673491723424e-01
1.328995833180623143e-01 -4.534143690620267425e-02 -5.751778536513754148e-01
7.375933198294490345e-02 -2.529758117223534705e-02 -5.761063177095986365e-01
5.131223444337440487e-02 -1.046970669951545058e-01 -5.755046337821908553e-01
1.106496535757357791e-01 -1.344980065430765592e-01 -5.753896288846137574e-01
1.329014299133187971e-01 -5.511349823809887777e-02 -5.751489202002635359e-01
8.112340532938568105e-02 -2.530311515496400446e-02 -5.753188805581153087e-01
5.131074764360028795e-02 -9.492265789978730772e-02 -5.755656692415865860e-01
1.030965076274634323e-01 -1.345071157132237405e-01 -5.752372118498250142e-01
1.328908844972769288e-01 -6.509169798969699494e-02 -5.754304351502538273e-01
8.848757894623424103e-02 -2.530778088980628615e-02 -5.746391055639529233e-01
5.130909115820583150e-02 -8.514834297232048987e-02 -5.756380187293104189e-01
9.604568725400462748e-02 -1.345212290350069340e-01 -5.749600256361908635e-01
1.328916601757114124e-01 -7.486261742228218774e-02 -5.754282628609974637e-01
9.603560245131351203e-02 -2.530351374487179936e-02 -5.750645607917090896e-01
5.130211259115760591e-02 -7.486621852187254345e-02 -5.760632635236601073e-01
8.848980845053079636e-02 -1.345297460752814256e-01 -5.748219562493565027e-01
1.328976860751668598e-01 -8.513692021860845560e-02 -5.752956140085576653e-01
1.030726583527191015e-01 -2.529701608696190498e-02 -5.757736558346405742e-01
5.129978829193788947e-02 -6.509297283587045513e-02 -5.761801627947359394e-01
8.113710624088910084e-02 -1.345236289562512511e-01 -5.750340036238839048e-01
1.328989651240920777e-01 -9.490868669685013914e-02 -5.752808664262715199e-01
1.106192672393166709e-01 -2.529372978312523570e-02 -5.760775123272861009e-01
5.131249196631482851e-02 -5.512575628136701794e-02 -5.752941875520198867e-01
7.378540108588503565e-02 -1.345182632293613623e-01 -5.752280112088389297e-01
1.329002778090294656e-01 -1.046805973733101747e-01 -5.752652792096373258e-01
1.179836014929963317e-01 -2.529754031282284085e-02 -5.755037715870968684e-01
5.130989305065103423e-02 -4.535076435523767435e-02 -5.754293434787691730e-01
6.622843161422344027e-02 -1.345266295808779933e-01 -5.750935300145623152e-01
1.328861238212735441e-01 -1.146509272840490756e-01 -5.756370093692581014e-01
1.255297656985686627e-01 -2.529441941550035489e-02 -5.757871213583632963e-01
5.130671532124439493e-02 -3.557618499035170023e-02 -5.756030953859274657e-01
5.887775052790581581e-02 -1.345225493292741548e-01 -5.752566136083318016e-01
1.329085217943356267e-01 -1.247300511085832758e-01 -5.750944631421656128e-01
2.275790009000234759e-01 2.274522984251972635e-01 -5.818813770032417176e-01
1.077425929061499865e-01 2.275057151599753358e-01 -5.819539140382871123e-01
1.077306672508228924e-01 1.078001298280479026e-01 -5.825160874549586421e-01
2.275699446459320818e-01 1.077892678716893121e-01 -5.821347581210306599e-01
1.187030133415747923e-01 2.275072165466983931e-01 -5.818636494798764547e-01
1.077385217214975877e-01 1.187678246312470487e-01 -5.822741245919282882e-01
2.166043743418902823e-01 1.077841018220317276e-01 -5.823387237854448228e-01
2.275715525975300080e-01 2.164874693456688703e-01 -5.819916847912580682e-01
1.296638785248262482e-01 2.275094053550090756e-01 -5.817644228602352197e-01
1.077461949500875815e-01 1.297369554728556029e-01 -5.820372730110139337e-01
2.056388205995887120e-01 1.077784911324985856e-01 -5.825549066166494372e-01
2.275641361824383146e-01 2.055234054565440172e-01 -5.821015904910251670e-01
1.405209826596859612e-01 2.274756991537855988e-01 -5.821358542918833034e-01
1.077147337872690763e-01 1.405729389612085933e-01 -5.829030220012617614e-01
1.950008776025157486e-01 1.077926756577602813e-01 -5.822258796692736382e-01
2.275633949215710716e-01 1.950656495055407280e-01 -5.821230777907243636e-01
1.514803983855133040e-01 2.274776678044386768e-01 -5.820394207546671916e-01
1.077225307987122876e-01 1.515418706581692643e-01 -5.826626329949746719e-01
1.840348835150754647e-01 1.077867468273890489e-01 -5.824507920781797354e-01
2.275561945076514103e-01 1.841029214394863389e-01 -5.822301647880233633e-01
1.624402756926781322e-01 2.274801407771109285e-01 -5.819364225221536069e-01
1.077299653958016107e-01 1.625118879809287487e-01 -5.824324638346258798e-01
1.730691473935099534e-01 1.077803486395654264e-01 -5.826886043726174913e-01
2.275492520562270582e-01 1.731411066157728940e-01 -5.823338821916362873e-01
1.730924112397348169e-01 2.274602236415844414e-01 -5.821286274383431492e-01
1.077160229262524999e-01 1.731568621126403640e-01 -5.828051272684756645e-01
1.624279411255793726e-01 1.077955411246219602e-01 -5.823319096811530038e-01
2.275650417694420058e-01 1.624876443767106493e-01 -5.821379426719818229e-01
1.840518651973770403e-01 2.274630027619225225e-01 -5.820216053180726767e-01
1.077232100165297080e-01 1.841276001454580091e-01 -5.825819153371990522e-01
1.514619984246358964e-01 1.077888225210363871e-01 -5.825785127610640934e-01
2.275584062781620953e-01 1.515264205520343854e-01 -5.822375944584851082e-01
1.950117270015071513e-01 2.274660503819164181e-01 -5.819111001636839697e-01
1.077299609386812573e-01 1.950990542708895270e-01 -5.823709990296114247e-01
1.404966814815045706e-01 1.077816922308070108e-01 -5.828364395666079112e-01
2.275522807350573162e-01 1.405661795412457837e-01 -5.823305639070972539e-01
2.056598369100638146e-01 2.274457558983502548e-01 -5.821082429039062811e-01
1.077308714605972467e-01 2.055605944668667251e-01 -5.823255762310245442e-01
1.296625934883261222e-01 1.078146612114947167e-01 -5.819928735748685078e-01
2.275818068153192542e-01 1.297095918959212668e-01 -5.819540982767690274e-01
2.166192616906838508e-01 2.274489798068558832e-01 -5.819954163454410523e-01
1.077369374228966253e-01 2.165329441340620442e-01 -5.821339612459951462e-01
1.186961374859232671e-01 1.078075245137291999e-01 -5.822509276046615723e-01
2.275755157764225434e-01 1.187489425716164310e-01 -5.820491519461501451e-01
2.757449863521926892e-01 2.039491458999819207e-01 -5.828788628450727316e-01
1.605820907873748704e-01 2.039754565714989309e-01 -5.832251585219788703e-01
1.605646866045997434e-01 1.213235498134061091e-01 -5.836584894941705404e-01
2.757401521154448365e-01 1.213227291220737442e-01 -5.830124283405454522e-01
1.710350227872306783e-01 2.039742618761225257e-01 -5.831765037005522956e-01
1.605685707825676989e-01 1.288648273411045764e-01 -5.835768339486202549e-01
2.654670180550749992e-01 1.213089423510735482e-01 -5.834045852671660981e-01
2.757260467180987495e-01 1.966058642528705769e-01 -5.830887687395515107e-01
1.814879186424926960e-01 2.039732312151947280e-01 -5.831254944775076110e-01
1.605725043777211647e-01 1.364065381818193312e-01 -5.834942730883754258e-01
2.550144336063535078e-01 1.213077816430210565e-01 -5.834930341917922147e-01
2.757236580405521553e-01 1.890668307903980438e-01 -5.831218094510616234e-01
1.921327143011476724e-01 2.039550425588285143e-01 -5.833206191185390521e-01
1.605593393136200142e-01 1.441412683912689230e-01 -5.837251016393105729e-01
2.445616239832385519e-01 1.213064608419366225e-01 -5.835853522689750106e-01
2.757213846519000477e-01 1.815280222414931421e-01 -5.831536211940587799e-01
2.025845960812417690e-01 2.039541789618799505e-01 -5.832671964424611666e-01
1.605391050173179956e-01 1.513679374212885120e-01 -5.840864389299412762e-01
2.339278868753664753e-01 1.213191348181898305e-01 -5.833408946238647363e-01
2.757192450145720675e-01 1.739894411926663775e-01 -5.831840067794920035e-01
2.130364259274581118e-01 2.039534074149475518e-01 -5.832124563565714848e-01
1.605429129129324339e-01 1.589088976575898926e-01 -5.840061489957190100e-01
2.234742386778942047e-01 1.213178465448067483e-01 -5.834324279695107807e-01
2.757172586618703014e-01 1.664510889136653349e-01 -5.832127575631056438e-01
2.234881802518027816e-01 2.039526936464370888e-01 -5.831568918403051693e-01
1.605467433103407726e-01 1.664502658102050003e-01 -5.839254502060304830e-01
2.130204231976660090e-01 1.213163946688958911e-01 -5.835279154433337112e-01
2.757154461206606788e-01 1.589129651688969413e-01 -5.832396542689743946e-01
2.339398349132432997e-01 2.039520089369340206e-01 -5.831009159519860985e-01
1.605505666907528217e-01 1.739920125142172536e-01 -5.838448836710274925e-01
2.025664826485047421e-01 1.213147796491109709e-01 -5.836273466680010902e-01
2.757138288046409036e-01 1.513750680247495373e-01 -5.832644681272706189e-01
2.445791048132292256e-01 2.039343060531629004e-01 -5.832890426064960554e-01
1.605543586669122003e-01 1.815341088671343639e-01 -5.837648963904265020e-01
1.921124659018271230e-01 1.213130062538361476e-01 -5.837306073919282801e-01
2.757321256321857428e-01 1.441394607502583247e-01 -5.830757090900740014e-01
2.550298237090369291e-01 2.039337530341144566e-01 -5.832311657452552422e-01
1.605580993622004182e-01 1.890765268660358212e-01 -5.836858526452171070e-01
1.814743087003551636e-01 1.213270925212954349e-01 -5.834520624948253964e-01
2.757440377720939417e-01 1.363998052096981051e-01 -5.829559298318746086e-01
2.654804118139364455e-01 2.039331892193076701e-01 -5.831734516134384760e-01
1.605617728222440976e-01 1.966192397140551773e-01 -5.836080447920286574e-01
1.710194849081586310e-01 1.213253836999795693e-01 -5.835537629258941150e-01
2.757419960487967336e-01 1.288611586486322069e-01 -5.829852350338724509e-01
2.565646081488024977e-01 3.512617835991460082e-03 -5.844298130838939676e-01
1.641640832663176230e-01 3.508853320877449323e-03 -5.842140816856382646e-01
1.641676998232398932e-01 -1.198192480696511630e-01 -5.843163984166318548e-01
2.565757809821770929e-01 -1.197831628924008185e-01 -5.844287104853720383e-01
1.725672244815418810e-01 3.508502571878465304e-03 -5.849735532450127673e-01
1.641715629894101303e-01 -1.086637403850231332e-01 -5.842322545718851012e-01
2.483462479125002342e-01 -1.197895530485005716e-01 -5.843431988066919436e-01
2.565652280140133801e-01 -7.642750837997121585e-03 -5.844341686807632552e-01
1.811383112848289345e-01 3.509485256326895595e-03 -5.843173493214414149e-01
1.641537309883153994e-01 -9.720214461737546052e-02 -5.845355306742816559e-01
2.397849152793921912e-01 -1.197762819802973278e-01 -5.847277338743370745e-01
2.565651063274854149e-01 -1.879806385432986060e-02 -5.844469188392003023e-01
1.893681088977214322e-01 3.509695889613511505e-03 -5.844696308650075833e-01
1.641580301381870277e-01 -8.604719644295372172e-02 -5.844435714918230218e-01
2.313749585296385192e-01 -1.197971075138895281e-01 -5.843005312553294361e-01
2.565642649181516521e-01 -2.995322338744297458e-02 -5.844678159731351297e-01
1.975975861374706655e-01 3.509919206932940201e-03 -5.846083581230897552e-01
1.641619322353350674e-01 -7.489136314804488437e-02 -5.843587065231655719e-01
2.228139883313906555e-01 -1.197832086925915973e-01 -5.846999755009050226e-01
2.565704617659377296e-01 -4.140165408667606517e-02 -5.844092178980760943e-01
2.063405517606656525e-01 3.510363919277027615e-03 -5.845342878928432295e-01
1.641652536005948071e-01 -6.373465580818690746e-02 -5.842842190821401216e-01
2.145832189241584642e-01 -1.197897538334202205e-01 -5.846107833834852663e-01
2.565702295732535387e-01 -5.255701209724637779e-02 -5.844231882768202713e-01
2.145694395058964921e-01 3.510601289382370843e-03 -5.846579874824991974e-01
1.641677982931275537e-01 -5.257713391505278167e-02 -5.842236118141574952e-01
2.063518836657139421e-01 -1.197964754939991328e-01 -5.845174040843843510e-01
2.565693285954050440e-01 -6.371212611178148078e-02 -5.844447295325403413e-01
2.227980187086427977e-01 3.510847916861970126e-03 -5.847717911425187598e-01
1.641693719379065108e-01 -4.141891335176416805e-02 -5.841803595534617033e-01
1.976099922592806923e-01 -1.197971237270632483e-01 -5.845725128382909253e-01
2.565678147516947116e-01 -7.486692222719099066e-02 -5.844732085096313590e-01
2.313674577018290657e-01 3.511693853968961710e-03 -5.842614834489825437e-01
1.641611243883429883e-01 -2.996637983481912140e-02 -5.843124524650140650e-01
1.893776715326206117e-01 -1.198040818348519304e-01 -5.844735250003321170e-01
2.565657521589897461e-01 -8.602133948182498491e-02 -5.845078992565270193e-01
2.397681259425049061e-01 3.511549614930073102e-03 -5.848004018681163263e-01
1.641633513962139634e-01 -1.880834880716113558e-02 -5.842574873621604326e-01
1.811446842044106276e-01 -1.198112136845480014e-01 -5.843704189476709443e-01
2.565632101524608077e-01 -9.717533054454682850e-02 -5.845480167560404006e-01
2.483370751913366037e-01 3.512364951515888675e-03 -5.843227363574151623e-01
1.641643681296286461e-01 -7.649850797163694135e-03 -5.842241523715258067e-01
1.725859441541696127e-01 -1.197952653344908497e-01 -5.848185507300135422e-01
2.565778811875581988e-01 -1.086287291104074126e-01 -5.843936204077151420e-01
-6.931375593537840440e-02 -1.430360554882371404e-01 -5.864408708008701510e-01
-1.952991566237617105e-01 -1.430850157601711026e-01 -5.864595461348761640e-01
-1.952889226902612130e-01 -2.241108029959402170e-01 -5.865805690683424389e-01
-6.930734908992092214e-02 -2.240377259612138794e-01 -5.865620847602704968e-01
-1.841373308006269971e-01 -1.430827577409134743e-01 -5.864171464183439708e-01
-1.953070226849672464e-01 -2.168861580562073677e-01 -5.863261610762126042e-01
-8.096657940109006080e-02 -2.240468814298179623e-01 -5.865338631429694027e-01
-6.931973462415627618e-02 -1.505844835023422423e-01 -5.861993280388027028e-01
-1.724665092035467806e-01 -1.430730556359603445e-01 -5.865166155835592754e-01
-1.952996656612312476e-01 -2.093400223491358736e-01 -5.864326706399192179e-01
-9.212463360941018642e-02 -2.240514206808064124e-01 -5.865596607890052328e-01
-6.930572941687115907e-02 -1.577976405021646600e-01 -5.867266898464763569e-01
-1.611190142344477438e-01 -1.430885265221986113e-01 -5.861255101889980557e-01
-1.953178824901737887e-01 -2.021136850635681104e-01 -5.861766603672028397e-01
-1.037859661684783913e-01 -2.240618192196299208e-01 -5.865159493939757773e-01
-6.932492313622393154e-02 -1.651696282492488288e-01 -5.859772942595732337e-01
-1.496371866663476491e-01 -1.430610071285068896e-01 -5.865754555646576218e-01
-1.952923844985529622e-01 -1.947569694798661488e-01 -5.865402031385198445e-01
-1.154486612042966986e-01 -2.240729067836085275e-01 -5.864636625952425186e-01
-6.931152443395716123e-02 -1.723822823922093739e-01 -5.864813319900380462e-01
-1.382882907015151597e-01 -1.430766839439276406e-01 -5.861802714276588278e-01
-1.953105871099848900e-01 -1.875296927411102821e-01 -5.862843675074855820e-01
-1.266087674752919001e-01 -2.240778419553276224e-01 -5.864845263684614896e-01
-6.931674718798475077e-02 -1.799313508300597608e-01 -5.862688491676449898e-01
-1.266206676915562768e-01 -1.430669053410676961e-01 -5.862812557889101051e-01
-1.953031622633919495e-01 -1.799845774124338715e-01 -5.863918265341199199e-01
-1.382737049906625215e-01 -2.240896033786453634e-01 -5.864238553217144823e-01
-6.932162691967098944e-02 -1.874806210189300382e-01 -5.860695573056634577e-01
-1.154608354123533714e-01 -1.430647024764580555e-01 -5.862377873633322078e-01
-1.952957767312179793e-01 -1.724400514829167175e-01 -5.864987400764363201e-01
-1.496307430272297290e-01 -2.240780517190846810e-01 -5.866521504200258308e-01
-6.930938942177718165e-02 -1.946921213724714106e-01 -5.865289609769686052e-01
-1.037956852903570010e-01 -1.430551347518305982e-01 -5.863346764596318872e-01
-1.953137378399346091e-01 -1.652104512363481992e-01 -5.862463577416461291e-01
-1.611021537865039432e-01 -2.241066620928865438e-01 -5.863795608342036170e-01
-6.932569318292874927e-02 -2.020663766879980394e-01 -5.858906727231902867e-01
-9.213224422031759953e-02 -1.430459911704342058e-01 -5.864232926627350739e-01
-1.952886560633823321e-01 -1.578590208488221125e-01 -5.866039993197352809e-01
-1.724581533356994434e-01 -2.240942476484548973e-01 -5.866185848838290084e-01
-6.931396529375763449e-02 -2.092776100553191965e-01 -5.863304784844813877e-01
-8.097448137670354429e-02 -1.430440766014072218e-01 -5.863741921470077001e-01
-1.953063543095617249e-01 -1.506283061630546427e-01 -5.863553091541032769e-01
-1.841263695763951935e-01 -2.241062984433893068e-01 -5.865543091682963173e-01
-6.931829688630883335e-02 -2.168272618523423012e-01 -5.861522594188888213e-01
