-2.781917016167195222e-01 -3.507377906552419655e-01 6.016574892001186114e+00
-1.393915600057813176e-01 5.178409240634662680e-01 1.225243493891996138e+01
-2.855829770556030378e-01 -3.315733779859424413e-01 5.690703986772933654e+00
1.095000091722021285e+00 -3.709684841939565381e+00 5.799587499470278118e+01
2.662472371189101294e-01 -9.009947686856272231e-01 2.753730434309691333e+01
-1.928981378949680137e-01 3.949845471427574917e-01 1.036453615465728362e+01
5.812572174893161359e-01 -2.221008741678518472e+00 3.892929133315341517e+01
-3.879439175000832241e-01 -2.075332534143735919e-01 3.590010013586001580e+00
2.489817084848394657e+01 -7.151611373218671019e+00 9.782227847150697926e+02
-2.356217277992103398e-01 -3.280683314871064848e-02 8.889162508102108617e+00
-2.043360678038465827e-01 7.080020789365361333e-02 9.925276803826321270e+00
-9.720797658371317651e-02 -4.512637852345020573e-01 1.307759008202862461e+01
9.496909550127055066e-01 -2.016709030639727285e+00 5.212514921132664369e+01
-3.073869824833383446e-01 -1.485381925057591701e-01 5.175508129917735900e+00
-1.386652231482341513e-01 4.532413113105308172e-02 1.218579032525130224e+01
-1.711231756960959749e-01 -5.812655668041493140e-01 1.028471089223161350e+01
-7.734144750664453949e-02 -2.374228214366534973e-01 1.416533030146228711e+01
7.527846399498548946e-01 -3.088446935165274798e+00 4.131653443600946929e+01
4.418474574693361662e-02 -1.069975013292357113e+00 1.815519504855204147e+01
-9.214595622917460815e-01 -2.562368921080441009e+00 -1.693251361860164650e+01
-3.700323411050388533e-01 5.262444959664666633e-02 4.284799893083872213e+00
-1.786133490895560061e-01 -6.180790006329970332e-01 9.596988339845951899e+00
-1.307049304254144451e+00 -1.318938631171644671e+00 -3.567594811596047322e+01
-2.894429358814614717e-01 -3.421830079984513606e-01 5.413214849476509549e+00
-2.809880662471367363e-01 -3.465728019140829619e-01 5.599469328732713080e+00
-1.421254374422866729e-01 6.368970761945490222e-02 1.180686570866133600e+01
-3.695526399689943453e-01 -1.336605926685047463e-01 3.948435491829045407e+00
-7.981182841827606511e-01 -1.764875369782604730e+00 -1.322856433363070572e+01
-2.588263005519038096e-01 -3.895082448643212292e-01 6.989815725323930806e+00
-2.171061436292066382e+00 2.379130242657484295e+00 -6.510721196411358846e+01
-9.325250216087453692e-02 3.904021650953479194e-01 1.376630847339526476e+01
-1.147112468784889927e+01 -4.801421462936777118e+01 -4.749884118294642121e+02
-1.936808576343639621e-01 7.913677121256429414e-01 1.040923556538276706e+01
-1.055460716780879267e+02 3.752791816831004468e+01 -4.042346849422342530e+03
-3.653389005103266363e-01 6.067169062545660907e-01 3.746525476209898731e+00
-3.074958155853447228e-01 3.440282107703456632e-02 5.355217669421367788e+00
-1.594679754967924246e-01 1.403258971911030550e-01 1.138252379066013731e+01
-2.817465108607651869e-01 8.473728696368772184e-02 6.093329608108688511e+00
-4.050080331310265125e-01 4.783057792579856193e-01 3.105815038921069249e+00
-3.885875743934360527e-01 -1.995287431534630562e-01 3.617975930524670147e+00
-3.751958661214596091e-01 -1.147653563102362384e-01 3.846528893623137435e+00
-1.966456100791937611e-01 -3.150834623700681791e-01 9.256411756985384542e+00
1.356880527239692213e+00 -3.987562001722016358e+00 6.944784036949542383e+01
-2.760861631328385135e-01 -3.899059870473730594e-01 5.887370828888804475e+00
-1.461297621645620270e-01 1.065866898761070214e+00 1.214870001016350365e+01
1.232656415105416597e-01 -2.717830958160497579e-01 2.154724768171939431e+01
-3.892974780697505688e-01 -2.263574307798350560e-01 3.475642756622822738e+00
-3.891298759651200534e-01 -2.162019268880376044e-01 3.536426706649919982e+00
-2.414174527326066466e-01 -4.907599762134880195e-02 8.677179866609197489e+00
1.249145565449417961e-01 -3.186458045644667281e-01 2.183562871855995269e+01
-2.759325121842703954e-01 6.850458035540901713e-01 6.329388673876596982e+00
-3.370230442175076169e-01 -1.487856702504500583e-01 4.562834071008129655e+00
-2.769767178569670363e-01 7.513277573237052698e-01 6.451321527284011204e+00
-3.473691854723634509e-01 -5.595311606920704284e-01 4.427501348382850033e+00
-3.238787726371719078e-01 3.252125673916020365e-02 5.009344355745749766e+00
-9.445732055793514270e-01 -2.238070927591444992e+00 -2.059978227201545309e+01
-3.652326451902924154e-01 6.286335261232947058e-01 3.720309085641008373e+00
-1.586657807360006556e-01 -7.292851726098110998e-02 1.081688553255232499e+01
-3.639918700928870821e-01 -4.550722802917013254e-01 3.757373766334921594e+00
-3.064590051614345945e-01 4.495580194633989196e-02 5.337164772850460537e+00
-1.788689938190420048e-01 4.554813736220617026e-01 1.075048435313988726e+01
-3.001536232469238508e-01 2.516431690739384108e-01 5.613398787078029528e+00
-1.149925742154063874e-01 6.503718885251958959e-01 1.314936676626567724e+01
-1.149090556020118670e-01 6.239309647130175662e-01 1.313950640245266044e+01
-1.088691620481385819e-01 1.198242584747031270e+00 1.346971135596069757e+01
-1.610412897788554010e-01 1.036550866890275868e+00 1.150411390238628861e+01
-3.682241884225354034e-01 2.536775299087319982e-02 4.231593709818948668e+00
-8.784013989051586702e-02 1.283327516339092700e+00 1.438248685523796944e+01
-2.883969941594393682e-01 4.902218002001085262e-01 6.065767887593701779e+00
-2.804263577636548765e-01 7.215178902308355680e-01 6.337438201606285126e+00
-4.550723647125550636e-02 7.305039529818700972e-01 1.610108684411379443e+01
6.647731354531952741e-01 -2.069492681631018627e+00 4.264453621917193260e+01
-3.742730910869137562e-01 -1.487449314097647191e-01 3.863145665840117982e+00
-2.661572965317347550e-01 -2.133276005860703373e-01 6.495555099493954820e+00
-3.705893303507494796e-01 4.245010397599008334e-02 4.258783685055040458e+00
-3.766866011111073553e-01 -2.116238740358286907e-01 3.836051202399849203e+00
-3.212574837050751198e-01 2.304587936403377502e-01 5.125455172216130784e+00
-4.018220885252555274e-01 4.344325071517921022e-01 3.388871910521897401e+00
-3.701868194903946141e-01 6.690180865395138621e-02 4.286593368775368340e+00
-8.722308020597081546e-01 -1.981848095000898979e+00 -1.684512996161501519e+01
-3.407600944910584850e-01 -2.525414905052471015e-01 4.493379959274212077e+00
-1.678355085792615220e-01 1.141152200107575565e+00 1.145092586566984139e+01
-3.935817286596013376e-01 -2.758814540588866993e-01 3.413668428124116527e+00
-3.740921110981961228e-01 -1.267438585809614951e-02 3.941501785250170364e+00
-4.075681226315010508e-01 4.707138114288259012e-01 3.125401968412035547e+00
-2.894844398429898269e-01 4.474246884642143346e-02 5.844982597856405171e+00
-3.884590078038740457e-01 -3.117270280863493892e-01 3.509431657981141317e+00
-2.597759948207029601e-01 -2.152738689136619032e-01 6.892748133200226057e+00
-7.977384917044745560e-02 1.238294997876278059e+00 1.463587965429669957e+01
-2.868368663163216592e-01 -3.558806010776089934e-01 5.431020813112700019e+00
6.963668836773377890e-01 -1.897126725002653114e+00 4.286892046516811661e+01
-2.959823984204629777e-01 6.843839722435205442e-01 5.749042288007387924e+00
-2.914483990561254623e-01 2.789880655422513622e-01 5.884940122050661415e+00
-3.980524375480958832e-01 -1.068646489941836031e-01 3.472174789775738457e+00
-2.976765490774181400e-01 2.638783890814181965e-01 5.636427494280471961e+00
-3.443715533722479516e-01 -5.942937022787202900e-02 4.463538127068468420e+00
-1.712263472760913174e-01 -8.262529358194409257e-02 1.028903659231350964e+01
-2.647590860449328676e-01 -2.039155066803533256e-01 6.675448656342608977e+00
-3.934758506144590551e-01 -2.838143622897504881e-01 3.412863142578129949e+00
-3.883785521697611376e-01 -3.186898496707781248e-01 3.508719940608684418e+00
-2.755920901115841426e-01 5.753985340119854852e-01 6.417819361053291871e+00
-1.705438696470863713e-01 3.978161587300781954e-01 1.112952182888459340e+01
-3.886474850156159122e-01 -1.366038333073388011e-01 3.553184175989895444e+00
-1.086290272186766076e-01 1.115862854224962009e+00 1.343863956084224220e+01
-3.946452929939500143e-01 -1.439458403459340820e-02 3.523265744957945866e+00
-2.607298033355057720e-01 -4.127527201813490504e-02 6.799335652115362727e+00
-2.958197211492098466e-01 6.649621929219694527e-01 5.745784861284112921e+00
-3.763891152895008640e-01 5.967904592956002618e-01 3.548854096734478603e+00
-2.912181650964207336e-01 2.514961047138604688e-01 5.880235252653266187e+00
-3.717542434767256987e-01 -2.472488893784733840e-02 3.971964568491932024e+00
