-1.613521866039665381e-02 1.118586644631881649e-01 -5.799273112271887687e-01
-8.313064941491674076e-02 1.170335689086585695e-01 -6.058767287556221515e-01
-8.886446882089661659e-02 7.391666307353433885e-02 -6.467339585524453094e-01
-1.727390747849982811e-02 7.036237669719985766e-02 -6.172634310286482240e-01
-7.678184599857873494e-02 1.165788442656802842e-01 -6.034609293875604630e-01
-8.838701026444271969e-02 7.800719856141913322e-02 -6.424705316973866598e-01
-2.352585952193573041e-02 7.064077355816039683e-02 -6.197969215396483822e-01
-1.640080737766114530e-02 1.078786286077536988e-01 -5.828424997656017625e-01
-7.048384186652746630e-02 1.161275863573683204e-01 -6.010642494124520674e-01
-8.767532777977238290e-02 8.252342873468229700e-02 -6.388377976845476258e-01
-2.982966820499874036e-02 7.092127480515796056e-02 -6.223511672456758514e-01
-1.640442929228447602e-02 1.043689009222276698e-01 -5.863950475742973900e-01
-6.438827901313175228e-02 1.152961837102802478e-01 -5.982654690442290590e-01
-8.712437750108284473e-02 8.646462852667521903e-02 -6.352593283729693896e-01
-3.618597355984249503e-02 7.120391885931189047e-02 -6.249264399827255678e-01
-1.654054561346874133e-02 1.008155012987262955e-01 -5.894278022809058548e-01
-5.818915372107195255e-02 1.148549896456634578e-01 -5.959100694093570905e-01
-8.666667633761378220e-02 9.040267384741579315e-02 -6.311435819417541282e-01
-4.259542648146733695e-02 7.148874450474645981e-02 -6.275230158382821832e-01
-1.654584441235058129e-02 9.722351948146382150e-02 -5.930568011015293628e-01
-5.203900334879938555e-02 1.144171863873687106e-01 -5.935731618353602412e-01
-8.612786313836154339e-02 9.425264183917363148e-02 -6.276515594829322753e-01
-4.905868895841767469e-02 7.177579088872325375e-02 -6.301411752320076332e-01
-1.668407526912574212e-02 9.359186203128044834e-02 -5.961601227162828254e-01
-4.593725662346426208e-02 1.139827215483554812e-01 -5.912545149898811303e-01
-8.568212217611417825e-02 9.809555884332508968e-02 -6.236299297130857289e-01
-5.557643430865755185e-02 7.206509752297607374e-02 -6.327812029997529342e-01
-1.669111988628027565e-02 8.991479972148985755e-02 -5.998681527117015744e-01
-3.988335149156291976e-02 1.135515430960144373e-01 -5.889539006776168817e-01
-8.515502753123048441e-02 1.018574770943514174e-01 -6.202213120316084627e-01
-6.214934742081084512e-02 7.235670428622768824e-02 -6.354433884809305155e-01
-1.683153339496628459e-02 8.620221080742397624e-02 -6.030444690239711303e-01
-3.387673494142352110e-02 1.131235993434834830e-01 -5.866710937777277479e-01
-8.472080467918138846e-02 1.056086316654360341e-01 -6.162905768141615503e-01
-6.877812500096344706e-02 7.265065142786196473e-02 -6.381280256092787262e-01
-1.684039385876372891e-02 8.243711601091181784e-02 -6.068342333907437158e-01
-2.791686282915990108e-02 1.126988389424849885e-01 -5.844058721841179915e-01
-8.420502922202363627e-02 1.092855356939875372e-01 -6.129624626154873690e-01
-7.532306832917486095e-02 7.330975601780630180e-02 -6.412415778996668481e-01
-1.698306112138234583e-02 7.864079874067067544e-02 -6.100860847825319011e-01
-2.200319970793762625e-02 1.122772108777633365e-01 -5.821580167486283264e-01
-8.378190047230396620e-02 1.129481438880916427e-01 -6.091195525143874301e-01
-8.206472963968984569e-02 7.361201332949506015e-02 -6.439761232959982928e-01
-1.726168896531826702e-02 7.426779793636865967e-02 -6.133452256638092237e-01
2.049104074753854143e-01 -2.109363995239003919e-01 -7.697321160087390313e-01
1.273547749748574209e-01 -2.235873961742001759e-01 -8.159459629343807086e-01
1.379012864003013039e-01 -3.049348250596598531e-01 -8.838541508523256596e-01
2.208829530928501927e-01 -2.863300547437591659e-01 -8.298729519078166250e-01
1.347546978591478983e-01 -2.223738513846131304e-01 -8.115470190513112136e-01
1.371309373096156470e-01 -2.967772226751653197e-01 -8.779034002283323534e-01
2.137928390393366296e-01 -2.879247149793786043e-01 -8.344763190837665157e-01
2.063407763735093381e-01 -2.170230748650308350e-01 -7.749484914341562281e-01
1.420749940975533643e-01 -2.211736359981530120e-01 -8.071949637759570084e-01
1.360293297568834214e-01 -2.892876985015322977e-01 -8.712605930207031335e-01
2.066233948548469035e-01 -2.895374688093677040e-01 -8.391307446669654668e-01
2.077890601714545704e-01 -2.231913758740564357e-01 -7.802315683965983517e-01
1.493169355435600698e-01 -2.199865418427568164e-01 -8.028890404240790479e-01
1.350245600097341458e-01 -2.810219895413461622e-01 -8.645604064108074471e-01
1.990047106166616397e-01 -2.911963567986958212e-01 -8.441735751827016410e-01
2.089152130546529096e-01 -2.299871060605089002e-01 -7.848487513131936488e-01
1.564817670931110960e-01 -2.188123650416399224e-01 -7.986285085451001464e-01
1.339537426628098493e-01 -2.737607431261860347e-01 -8.581117319397890686e-01
1.916693237828833163e-01 -2.928447520049700104e-01 -8.489387643880874634e-01
2.103995582432811040e-01 -2.363239571461561994e-01 -7.902671917037189520e-01
1.635707074022281216e-01 -2.176509058914015138e-01 -7.944126435022785815e-01
1.329802950913316351e-01 -2.657372149867354705e-01 -8.516134914020194735e-01
1.842504360921990714e-01 -2.945121737954377594e-01 -8.537577291790362510e-01
2.118578335693161452e-01 -2.435585179458649163e-01 -7.958474206093181236e-01
1.705849495819981854e-01 -2.165019687440281060e-01 -7.902407360660380631e-01
1.319388975080512116e-01 -2.586941821990165757e-01 -8.453503518171563424e-01
1.767466196793932021e-01 -2.961989443440833369e-01 -8.586313947434779381e-01
2.133817797080279910e-01 -2.500779260046244179e-01 -8.014138550003875316e-01
1.775256618717434010e-01 -2.153653618926678892e-01 -7.861120920199444750e-01
1.309953939595049077e-01 -2.509022227196185950e-01 -8.390451915124671478e-01
1.691564139510920439e-01 -2.979053930847523901e-01 -8.635607077009360699e-01
2.148828268957473087e-01 -2.575144594814665622e-01 -8.071551529450579077e-01
1.843939882911541928e-01 -2.142408974610640893e-01 -7.820260317788405580e-01
1.299821244665709530e-01 -2.440679252861286952e-01 -8.329594864482318117e-01
1.614783246359366153e-01 -2.996318569272922172e-01 -8.685466367149261568e-01
2.164480858903754801e-01 -2.642242007472605514e-01 -8.128759496409582175e-01
1.915306678919765915e-01 -2.131300691330664243e-01 -7.776866401442703580e-01
1.293178940865831739e-01 -2.367783851076022683e-01 -8.277141634798116376e-01
1.537108228015951761e-01 -3.013786804813242126e-01 -8.735901731265496295e-01
2.179937500034778430e-01 -2.718714077288883479e-01 -8.187852616672481876e-01
1.982550530201592776e-01 -2.120274363179072419e-01 -7.736890867094377011e-01
1.283299444398252331e-01 -2.301364668922350476e-01 -8.217902045646524600e-01
1.458523438372718029e-01 -3.031462162879439703e-01 -8.786923316102049908e-01
2.196021318422046176e-01 -2.787797105300532374e-01 -8.246671555088666006e-01
4.242770778064070686e-02 8.637550355608614172e-02 -5.722849729495295135e-01
-7.759351107042503602e-03 8.945212352483557228e-02 -5.921518916677876998e-01
-8.643773770479128843e-03 2.415995643019569136e-02 -6.502112219152330619e-01
4.633533331987803316e-02 2.318075242183580825e-02 -6.263405462950686342e-01
-3.064734241199881630e-03 8.921033814222796565e-02 -5.903504447551469747e-01
-8.573809511664764321e-03 3.102177889430514368e-02 -6.440150305632026395e-01
4.151915627629471084e-02 2.322945806670964272e-02 -6.283831728401703121e-01
4.263125889080747466e-02 8.074338695896242368e-02 -5.766052723282755199e-01
1.472817557315029158e-03 8.864393320618509098e-02 -5.881970783673698966e-01
-8.498689304356897567e-03 3.714335196238888193e-02 -6.385395151612442977e-01
3.639929516038278856e-02 2.342191446529257384e-02 -6.307383785071912774e-01
4.296025920100363799e-02 7.555812025283770161e-02 -5.810694168821567418e-01
6.110280515630560003e-03 8.840746252923128989e-02 -5.864205975014538108e-01
-8.424818289547192363e-03 4.316170309649226822e-02 -6.331563997342998240e-01
3.151684509819886737e-02 2.347196714351484220e-02 -6.328100480448193288e-01
4.346515410168240445e-02 7.029977960414897364e-02 -5.861850149568291757e-01
1.071899499584876014e-02 8.817192068071211253e-02 -5.846544505221060728e-01
-8.352164837530101291e-03 4.907942283926231691e-02 -6.278633664821221538e-01
2.660146427999561525e-02 2.352169669345701916e-02 -6.348948080847081066e-01
4.368513485968270743e-02 6.440364113491102438e-02 -5.907315147447216308e-01
1.529921032131432816e-02 8.793727232036090136e-02 -5.828985137441472508e-01
-8.287595581497076216e-03 5.547866287771431593e-02 -6.220820948665708450e-01
2.165283465177913688e-02 2.357112149232161794e-02 -6.369928133956092031e-01
4.403049264979326527e-02 5.896075008177769500e-02 -5.954174949162233110e-01
1.985117247692032294e-02 8.770348210776822417e-02 -5.811526645567457461e-01
-8.217370039524491201e-03 6.119263545116014613e-02 -6.169716033765978436e-01
1.667063375863052713e-02 2.362026003095378870e-02 -6.391042207134306485e-01
4.438137393914708129e-02 5.343080881009414085e-02 -6.001784199442562473e-01
2.437512416855291963e-02 8.747051472101093073e-02 -5.794167814278234907e-01
-8.148270981169934354e-03 6.681348865629259393e-02 -6.119444703015498588e-01
1.165453466051945969e-02 2.366913089677202819e-02 -6.412291887532582946e-01
4.479115151033796066e-02 4.724356650500189519e-02 -6.055643162052062323e-01
2.887130488243168369e-02 8.723833487667109754e-02 -5.776907439102272335e-01
-7.948520607105376973e-03 7.287762703947056608e-02 -6.070356266167895587e-01
6.604205846997936342e-03 2.371775275731610386e-02 -6.433678782226426307e-01
4.515412372386653356e-02 4.152337646603307397e-02 -6.104891000336392093e-01
3.333995094437484236e-02 8.700690735125396480e-02 -5.759744326496607503e-01
-8.020563854460658129e-03 7.832525804814581549e-02 -6.015918792057370901e-01
1.519311150743563434e-03 2.376614434442638965e-02 -6.455204518361805643e-01
4.552305027532661807e-02 3.570937390277530848e-02 -6.154946566868758628e-01
3.801442376386831440e-02 8.660337625972577835e-02 -5.739791302593413302e-01
-7.954756156514603688e-03 8.367105369929088432e-02 -5.968111201038655000e-01
-3.489883263424308889e-03 2.410849301658116173e-02 -6.480261548235333180e-01
4.589807897934217867e-02 2.979923207476870006e-02 -6.205829899584875964e-01
2.296948165770728301e-01 -2.616445507870143183e-01 -7.953507750944046606e-01
1.469152200067421754e-01 -2.788065587789871902e-01 -8.471708078684447862e-01
1.629438131019638469e-01 -3.898481376079336869e-01 -9.391286672997629648e-01
2.529943892938673056e-01 -3.634681586436208645e-01 -8.758752347934479765e-01
1.549368883671649044e-01 -2.770895541422727648e-01 -8.422435653817773593e-01
1.613186998696405638e-01 -3.796228429860134534e-01 -9.302261182306396092e-01
2.452737070404265307e-01 -3.657599179381827992e-01 -8.812395942637341051e-01
2.316008652590983707e-01 -2.702452261642795950e-01 -8.019979660433848023e-01
1.624526236539454993e-01 -2.755393646023122645e-01 -8.375247729690031839e-01
1.597885684460751687e-01 -3.686064995588487769e-01 -9.212780724872001725e-01
2.374701533018621358e-01 -3.679967137210454209e-01 -8.868174423412901186e-01
2.335396887066284732e-01 -2.789915251355500891e-01 -8.087589555871704805e-01
1.706604928689643419e-01 -2.738525799080742118e-01 -8.323606740527018655e-01
1.582881209032883374e-01 -3.578009195855315072e-01 -9.125024121178326730e-01
2.295532438754420146e-01 -3.703493468958112267e-01 -8.923130961596867916e-01
2.355121249474312062e-01 -2.878872079208747436e-01 -8.156366615996885061e-01
1.780018237373527101e-01 -2.723379862122147776e-01 -8.277520382152359080e-01
1.568165152274395291e-01 -3.472000836352442388e-01 -9.038942305331816307e-01
2.215541442517763027e-01 -3.726385929064531255e-01 -8.980376587156551071e-01
2.378422632039252083e-01 -2.972638822007116488e-01 -8.235117118991421847e-01
1.860205263942401044e-01 -2.706893237223536586e-01 -8.227082575361748251e-01
1.553729411922437076e-01 -3.367981988241252056e-01 -8.954488060921198533e-01
2.134335815859508267e-01 -3.750543097988665586e-01 -9.036697571041600874e-01
2.399155837105763633e-01 -3.056152918132892249e-01 -8.305206097522694897e-01
1.931934722108780977e-01 -2.692090868750304788e-01 -8.182059945860133965e-01
1.539566188777672373e-01 -3.265896882463976136e-01 -8.871615934786177826e-01
2.056318672496808275e-01 -3.773335795155400296e-01 -9.091620552164597635e-01
2.419958258920242022e-01 -3.149834235356475109e-01 -8.377711922910017206e-01
2.006710922229698324e-01 -2.676179856897841769e-01 -8.135959624122155454e-01
1.524953748014259702e-01 -3.174835463847791028e-01 -8.791926331614964285e-01
1.968992656976047695e-01 -3.798793025524933586e-01 -9.153204939858411437e-01
2.441133907424568594e-01 -3.245173282546575666e-01 -8.451513517250888174e-01
2.080398167392432940e-01 -2.661501500642988183e-01 -8.088789357720497231e-01
1.508546877951154053e-01 -3.072712072613064671e-01 -8.702499614072189971e-01
1.888948390353105133e-01 -3.822174718382423397e-01 -9.209561310674765355e-01
2.462692766020010138e-01 -3.342214767038017009e-01 -8.526645621653026197e-01
2.153469437323874136e-01 -2.645980826611586956e-01 -8.043693002261917968e-01
1.495173889750345819e-01 -2.976114935261399697e-01 -8.624166724427945185e-01
1.799340333174940243e-01 -3.848290583358460748e-01 -9.272767907318124614e-01
2.484645180553259891e-01 -3.441005011703590633e-01 -8.603144236825119862e-01
2.225525516233698153e-01 -2.631587755110155746e-01 -7.997634992582512981e-01
1.482044486115454696e-01 -2.881248224943734337e-01 -8.547248790735343382e-01
1.717188722882155016e-01 -3.872284648631869053e-01 -9.330614258442755382e-01
2.507001875833545501e-01 -3.541592028762871047e-01 -8.681046680519800551e-01
7.578127189566304100e-02 -2.715198220765572823e-01 -8.701793002686427636e-01
-3.302411070285352079e-02 -2.922268345316633709e-01 -9.369282043064763865e-01
-3.668701167038444094e-02 -4.097827642413915394e-01 -1.042886534121373332e+00
8.373642109623931351e-02 -3.776711847159884838e-01 -9.608903111077524706e-01
-2.249786773872733403e-02 -2.902342391219546180e-01 -9.304523978726277900e-01
-3.644217248172684775e-02 -3.982080547674821669e-01 -1.031952094918198615e+00
7.362182172750775244e-02 -3.803623049984778959e-01 -9.677887589624531994e-01
7.656402002228611392e-02 -2.801389985665406201e-01 -8.780039512154637071e-01
-1.211536579635679768e-02 -2.882683532112236824e-01 -9.240658636400026493e-01
-3.605300320719848767e-02 -3.873992140963050113e-01 -1.022436493242804056e+00
6.336161421880773248e-02 -3.830916284927661786e-01 -9.747875197586675089e-01
7.702309080293982813e-02 -2.894519134126153359e-01 -8.851605680165181012e-01
-1.873662903219088611e-03 -2.863286147444071283e-01 -9.177668004100022481e-01
-3.563800160592050376e-02 -3.752160765624789618e-01 -1.011608582975163317e+00
5.295261320322840887e-02 -3.858600027289316170e-01 -9.818887659701792670e-01
7.782974271598719351e-02 -2.983828703120717241e-01 -8.932534769911588679e-01
8.740732144404014109e-03 -2.842192415114608295e-01 -9.114079878484542263e-01
-3.541252321884399978e-02 -3.643302689662412108e-01 -1.001304171902479112e+00
4.239153993272650606e-02 -3.886683002456176039e-01 -9.890947334787254519e-01
7.864961888114334332e-02 -3.074753756777685587e-01 -9.014881545040802635e-01
1.870209232504081373e-02 -2.823339055122150998e-01 -9.052791835819066213e-01
-3.486394620761277402e-02 -3.531173361137894817e-01 -9.920602726302429897e-01
3.167501884689311042e-02 -3.915174194917530603e-01 -9.964077239360530358e-01
7.914205941516821996e-02 -3.172754164721749426e-01 -9.090505352419179230e-01
2.853112418993546465e-02 -2.804730982463303213e-01 -8.992326650890958284e-01
-3.465106853166700224e-02 -3.426582305039647114e-01 -9.821435149628580108e-01
2.079957398847170902e-02 -3.944082857687574717e-01 -1.003830107230994084e+00
7.998782117433862748e-02 -3.267053606387115838e-01 -9.175755947426229575e-01
3.823046467591151992e-02 -2.786363160296626007e-01 -8.932668177779410357e-01
-3.411825773350451313e-02 -3.318605733169280869e-01 -9.732616158396627526e-01
9.761625257576588000e-03 -3.973418522153870369e-01 -1.011364324067027143e+00
8.050347893927220499e-02 -3.368520955949670936e-01 -9.254249285333374653e-01
4.780268139754240142e-02 -2.768230685104017819e-01 -8.873800693691062946e-01
-3.391723808278337277e-02 -3.218039887626176765e-01 -9.637106700669183512e-01
-2.011268794247405775e-03 -4.005643010817777627e-01 -1.019222607912424472e+00
8.137653900649334526e-02 -3.466381802924624611e-01 -9.342563888601866928e-01
5.725027489565918948e-02 -2.750328782575283126e-01 -8.815708884882399454e-01
-3.372099140829609709e-02 -3.119393342573149042e-01 -9.543378846396362025e-01
-1.339442180190843906e-02 -4.035909726705323997e-01 -1.026989955503361918e+00
8.215467401475322340e-02 -3.575998496460396914e-01 -9.434781191981826964e-01
6.657568079795359028e-02 -2.732652803658132679e-01 -8.758377833124565415e-01
-3.320947090469713453e-02 -3.017219202629133901e-01 -9.459651179550181421e-01
-2.495165513575657926e-02 -4.066634348207489036e-01 -1.034877012402221519e+00
8.281857247139993994e-02 -3.673133265752427934e-01 -9.515637492288644417e-01
2.405505607663781242e-01 -1.527308750162619799e-01 -6.910536887603575540e-01
1.835861445248060664e-01 -1.596645097182774753e-01 -7.223680599297205296e-01
2.090070944266949615e-01 -2.853814131889579331e-01 -8.223569699106851871e-01
2.722143576556071976e-01 -2.713689546463662894e-01 -7.820196712367084579e-01
1.885871093483391103e-01 -1.590472515461116010e-01 -7.196323230556624928e-01
2.061694841490586405e-01 -2.726892299909922102e-01 -8.115562605360980841e-01
2.667886958308273715e-01 -2.725442094884936162e-01 -7.855311756868045281e-01
2.430203380010612091e-01 -1.626964597873689911e-01 -6.982529741555328906e-01
1.942071366577642066e-01 -1.583610696160052123e-01 -7.165462068326914347e-01
2.037450599783066640e-01 -2.597930963447582231e-01 -8.017765141784717331e-01
2.613123733250922731e-01 -2.737919728140897346e-01 -7.889660281292275590e-01
2.458818833233897272e-01 -1.723518573885928218e-01 -7.063181311543856866e-01
1.997790016624075848e-01 -1.576809722298335992e-01 -7.134862160682766685e-01
2.013317108943554201e-01 -2.480131873149785116e-01 -7.923257194715883633e-01
2.554412583628694056e-01 -2.750953085210510185e-01 -7.927096591931301894e-01
2.484665469815141026e-01 -1.827508526050471149e-01 -7.138479034470965878e-01
2.046570260527806329e-01 -1.570801530957503245e-01 -7.108157217287144336e-01
1.990256392157705445e-01 -2.357139508643052717e-01 -7.830146017315814388e-01
2.498678129762449129e-01 -2.762992967411245782e-01 -7.963228931081924866e-01
2.511431166374323287e-01 -1.926521042328438182e-01 -7.215187482009125519e-01
2.101397668157450327e-01 -1.564115628771064748e-01 -7.078036839135134484e-01
1.967230092894725058e-01 -2.244843208547086799e-01 -7.740000367738676390e-01
2.442362587965607179e-01 -2.775875736782314473e-01 -7.998456285436070790e-01
2.538769508737332981e-01 -2.027678339798937301e-01 -7.293540947039295341e-01
2.152500616354289520e-01 -1.558293628032411948e-01 -7.049321045255038110e-01
1.942441964840640467e-01 -2.125026651080625661e-01 -7.643245553888855515e-01
2.385628703606940682e-01 -2.788111445078068629e-01 -8.035274171106334684e-01
2.569553307460613611e-01 -2.140766169870625124e-01 -7.381649819047138017e-01
2.203355806073210021e-01 -1.551639172811946077e-01 -7.022091566418871000e-01
1.920479074023348498e-01 -2.017974782729227701e-01 -7.557278713645358970e-01
2.324734636409682142e-01 -2.801621643989117838e-01 -8.074116550957907146e-01
2.598154258130903616e-01 -2.246647971700812818e-01 -7.463629679202969935e-01
2.253667759177000463e-01 -1.545883680149288675e-01 -6.993858466667778329e-01
1.898997217012951266e-01 -1.913298021171350727e-01 -7.473202910821120648e-01
2.270503618947321001e-01 -2.813704994991864106e-01 -8.108616906833000515e-01
2.627157971100981260e-01 -2.362580744772404262e-01 -7.548013895137557494e-01
2.306759840578328780e-01 -1.539400572539620371e-01 -6.964705442962351167e-01
1.878581245905628361e-01 -1.803567086151170729e-01 -7.390543334334919168e-01
2.208484822023718819e-01 -2.827470429007675756e-01 -8.148166396485296836e-01
2.657071951987217129e-01 -2.473401264512915532e-01 -7.633768707729839953e-01
2.356367555665029589e-01 -1.532968111274734535e-01 -6.938049920300769502e-01
1.855319560382318322e-01 -1.701590453954408277e-01 -7.302559493460404338e-01
2.145856459573527997e-01 -2.841373020377425673e-01 -8.188101244347438801e-01
2.687482080338710055e-01 -2.594678412835934034e-01 -7.722204266557136654e-01
7.030043889503173604e-02 1.443527019899948083e-01 -5.028074606836154814e-01
2.430936141244945115e-02 1.490158646587086688e-01 -5.190301162082953113e-01
2.663212166204820958e-02 9.260214230998467522e-02 -5.679122758378841729e-01
7.672477169682501152e-02 8.944773188944722675e-02 -5.485629239471218055e-01
2.835511663614396008e-02 1.486334151730669961e-01 -5.176357663185515712e-01
2.638445985969975136e-02 9.802861317668007390e-02 -5.631225695531832942e-01
7.203402491156989107e-02 8.973868932161357947e-02 -5.503693526667687852e-01
7.085601663683757656e-02 1.398690126585748206e-01 -5.066389403992722640e-01
3.290382973787235599e-02 1.481783325787609518e-01 -5.160384955973507104e-01
2.626304952954899158e-02 1.038715205454352752e-01 -5.584909489489692236e-01
6.786320340942010587e-02 8.998106453564631846e-02 -5.519553580792643244e-01
7.141945430458969402e-02 1.353164374054807995e-01 -5.105272103849565202e-01
3.709267865902928646e-02 1.475877325508212212e-01 -5.143653160334704655e-01
2.602272118626805866e-02 1.091151169275230010e-01 -5.538590015214400752e-01
6.311343889209665436e-02 9.027502625000226322e-02 -5.537837001518154390e-01
7.187205590046991110e-02 1.301952895916355102e-01 -5.143450822348016871e-01
4.139820778972667231e-02 1.473491913746474702e-01 -5.130800991368250630e-01
2.578592381266870542e-02 1.142726529827001042e-01 -5.493015770814417831e-01
5.888983929146681534e-02 9.051954395093256278e-02 -5.553886223092683316e-01
7.245235404070433927e-02 1.254975713336078658e-01 -5.183539381633353038e-01
4.553929864751243839e-02 1.467670092511626223e-01 -5.114280194335609764e-01
2.567513332057068734e-02 1.198415096714318118e-01 -5.449049897594697711e-01
5.407997007199968897e-02 9.081661459114326318e-02 -5.572393424184118871e-01
7.304108895908578702e-02 1.207260571166538232e-01 -5.224236833345339281e-01
4.946924770506275215e-02 1.463956558981540645e-01 -5.100737730081991161e-01
2.528750911185250957e-02 1.247834119830524141e-01 -5.399564939089813720e-01
4.980263269601737514e-02 9.106338553741484543e-02 -5.588636143775910226e-01
7.382749886318099031e-02 1.159474362864653385e-01 -5.271033084914398259e-01
5.388841504014866418e-02 1.459544582807102142e-01 -5.085230866282643980e-01
2.506112602049265919e-02 1.296874552220972920e-01 -5.356186260259027110e-01
4.527194253734787011e-02 9.148317356186513871e-02 -5.607800034032632830e-01
7.431746530530612682e-02 1.105089564182463735e-01 -5.311863836572848774e-01
5.777309074818222367e-02 1.455865424668157104e-01 -5.071834436798173806e-01
2.483794240060542904e-02 1.345135538369343353e-01 -5.313482582049600111e-01
4.059948359197593226e-02 9.161280855117628907e-02 -5.623812532859722157e-01
7.493363035767505731e-02 1.054978836910538120e-01 -5.354539191589395841e-01
6.214161316843738042e-02 1.451497864719981379e-01 -5.056498019896714657e-01
2.474041369245976937e-02 1.397439879312001032e-01 -5.272425358774359694e-01
3.601167976674923138e-02 9.203977379205727227e-02 -5.643241838395125498e-01
7.555911691488065296e-02 1.004056738747456101e-01 -5.397885409505513987e-01
6.598173618395158924e-02 1.447851564356560095e-01 -5.043244153519526041e-01
2.452339515999295283e-02 1.444162027320159414e-01 -5.231048987319953936e-01
3.104746560969481872e-02 9.234732585279518957e-02 -5.662354719206030840e-01
7.607936812110194236e-02 9.471148491626771304e-02 -5.440858155413169639e-01
-3.547784303842730497e-02 1.761768774953316463e-01 -5.192696884988674544e-01
-1.058826699955508627e-01 1.840590862887013512e-01 -5.428843118376747157e-01
-1.113138341058708125e-01 1.552209366121659329e-01 -5.702828098025188863e-01
-3.727614220718659249e-02 1.482389261055304663e-01 -5.442206170343920624e-01
-9.946631543608717985e-02 1.832658922127076151e-01 -5.406453320245730998e-01
-1.107872832343662906e-01 1.579174591681807294e-01 -5.678570389929650242e-01
-4.385385071010135249e-02 1.487307542220274448e-01 -5.463835667040832789e-01
-3.566392555491582766e-02 1.737696853812806530e-01 -5.212727133452256245e-01
-9.271699337775940464e-02 1.826567329465300094e-01 -5.385514950309765458e-01
-1.101892359819147127e-01 1.610361768807979932e-01 -5.649717920396510884e-01
-5.011347898928612821e-02 1.493878203708421670e-01 -5.486662897634492220e-01
-3.573942278647145032e-02 1.713789634600103307e-01 -5.237773774097866930e-01
-8.619699023583647646e-02 1.816029331870737396e-01 -5.359887567842990252e-01
-1.096725146744796237e-01 1.636819731852072468e-01 -5.625921427047270162e-01
-5.680149693905189173e-02 1.498869653505466304e-01 -5.508643394833244722e-01
-3.592808633044471123e-02 1.689318460997209503e-01 -5.258160268406318893e-01
-7.955871828921462496e-02 1.810056762484193449e-01 -5.339316114559659043e-01
-1.092231572401226175e-01 1.663167774933629606e-01 -5.597479500293713883e-01
-6.316709342252675718e-02 1.505542012678973973e-01 -5.531845952451570625e-01
-3.611814585371848907e-02 1.664651069643674486e-01 -5.278715521485695117e-01
-7.335171533765101615e-02 1.802374779730556709e-01 -5.317646545031702310e-01
-1.087152940766922399e-01 1.689158088438351968e-01 -5.574123995694326705e-01
-7.019165591099746360e-02 1.513114400760539324e-01 -5.557698818649198236e-01
-3.619703137592990977e-02 1.640100658434850700e-01 -5.304372044082341642e-01
-6.681922160358426399e-02 1.796504174270257270e-01 -5.297410286662839196e-01
-1.082117736766278204e-01 1.714925902543219527e-01 -5.550968414409593876e-01
-7.705403659069867683e-02 1.518237768527230525e-01 -5.580254312682044748e-01
-3.638976206218302867e-02 1.615018816721425776e-01 -5.325297476400190355e-01
-6.014107932380688415e-02 1.788008805959615255e-01 -5.273828836621633487e-01
-1.077752793795023201e-01 1.740555687936438667e-01 -5.523257204165037404e-01
-8.358733572303567172e-02 1.525080618662972842e-01 -5.604061911022695242e-01
-3.658392671790331591e-02 1.589733478612616324e-01 -5.346398587603723440e-01
-5.408609319588456726e-02 1.780508194489509033e-01 -5.252682165943904913e-01
-1.072802796096722633e-01 1.765874010476816136e-01 -5.500525038029057123e-01
-9.056684946855488028e-02 1.530290940521962240e-01 -5.627001202882844222e-01
-3.666638585383815568e-02 1.564513782862556879e-01 -5.372687476391975192e-01
-4.771140468369082510e-02 1.774790147405598262e-01 -5.232947078055006918e-01
-1.067894723001618223e-01 1.790978104389317482e-01 -5.477984537657883957e-01
-9.744666576489689758e-02 1.539812958728993542e-01 -5.654822377083768004e-01
-3.686331746701820844e-02 1.538797984558290532e-01 -5.394173405027565815e-01
-4.175258125716051205e-02 1.767399432210106924e-01 -5.212125714667721343e-01
-1.063652760425575911e-01 1.815919057136075876e-01 -5.450976882510729649e-01
-1.045491215244311045e-01 1.545130241736616394e-01 -5.678184518515889678e-01
-3.707601769786415813e-02 1.508568696131762643e-01 -5.420316354017762350e-01
-3.638440245030346576e-01 -3.267775130098497516e-01 -1.103386181988361248e+00
-5.721628150330906326e-01 -3.631129719145768098e-01 -1.227318814833507465e+00
-6.964172919743323309e-01 -6.048726532725701155e-01 -1.493930463961367305e+00
-4.333574016942423612e-01 -5.325428523373155754e-01 -1.314362687989787171e+00
-5.517261291662958200e-01 -3.596002451393912058e-01 -1.215072693867883746e+00
-6.835517056838676941e-01 -5.799055502296197595e-01 -1.465504912134884208e+00
-4.542085371918904158e-01 -5.382340986858599186e-01 -1.328677892172840158e+00
-3.692943087171929872e-01 -3.429227566718542897e-01 -1.120016260508717165e+00
-5.307865012800822013e-01 -3.558067083304963241e-01 -1.202854745781208212e+00
-6.703867703615230544e-01 -5.542961954820739834e-01 -1.437188944529908197e+00
-4.755158056608152495e-01 -5.440489474070177023e-01 -1.343307903859698449e+00
-3.747410495738875413e-01 -3.589392424503652368e-01 -1.135762579971211217e+00
-5.111557776588341317e-01 -3.524340895445726707e-01 -1.191088958384656005e+00
-6.582708828400453127e-01 -5.306641028105677504e-01 -1.411926414305896715e+00
-4.982875436997716290e-01 -5.504349597959613538e-01 -1.358608213174539836e+00
-3.805235744458150271e-01 -3.760670245969467973e-01 -1.153394271214216449e+00
-4.919023501800993681e-01 -3.491256923332791140e-01 -1.179550247700393850e+00
-6.460508294638682703e-01 -5.068938901938655484e-01 -1.385629007575691851e+00
-5.205744459128288648e-01 -5.565185141714087402e-01 -1.373908267944550676e+00
-3.864881300288535715e-01 -3.937338743640254046e-01 -1.171580212659506959e+00
-4.713939054414850172e-01 -3.456177747569957326e-01 -1.167231909189119454e+00
-6.342769926870280850e-01 -4.839916850218455302e-01 -1.360291416311653068e+00
-5.444023207584874902e-01 -5.632003258645615906e-01 -1.389918838596002848e+00
-3.926434420832392025e-01 -4.119656318404520956e-01 -1.190346970200136578e+00
-4.528935523698416898e-01 -3.424371784950271391e-01 -1.156147053808517011e+00
-6.229253743283178490e-01 -4.619108041619707228e-01 -1.335862027156534237e+00
-5.677379604274056524e-01 -5.695716301845118457e-01 -1.405936018726380965e+00
-3.989988030086330517e-01 -4.307898152037564210e-01 -1.209722835375007799e+00
-4.339137240620896119e-01 -3.389933802915859884e-01 -1.145081967569304249e+00
-6.119736665748287674e-01 -4.406078526823039576e-01 -1.312292862715805919e+00
-5.937137331913592275e-01 -5.766460278977190157e-01 -1.423799892118877253e+00
-4.055641186113219110e-01 -4.502357592169382583e-01 -1.229737967769287676e+00
-4.161084872243290822e-01 -3.359334960796999670e-01 -1.134411605985566007e+00
-6.014011057138954897e-01 -4.200424393209901130e-01 -1.289539266953769081e+00
-6.181995106052824429e-01 -5.833293869258160402e-01 -1.440610131217057610e+00
-4.123499595803631346e-01 -4.703347676705126879e-01 -1.250424551754020008e+00
-3.978329642748157369e-01 -3.326171928504488284e-01 -1.123757544797613583e+00
-5.911883407940965451e-01 -4.001769209967081520e-01 -1.267559622700683342e+00
-6.432668065875402075e-01 -5.901707359012111631e-01 -1.457820954860749252e+00
-4.191279796934227475e-01 -4.902815028259231989e-01 -1.270134069169561952e+00
-3.806844104913684190e-01 -3.296712780198214898e-01 -1.113478880473240507e+00
-5.817253390555854331e-01 -3.817127982170264167e-01 -1.247909952642332954e+00
-6.700962794732747696e-01 -5.976871915556309922e-01 -1.475862598368900436e+00
-4.263772812822839708e-01 -5.117512094271448042e-01 -1.292218578855792943e+00
1.014182635019006407e-01 -1.229020591081185672e-02 -6.147409450375862505e-01
4.419672756690991300e-02 -1.281631928819700061e-02 -6.399173472091256309e-01
5.032888643066661671e-02 -1.196130458126825752e-01 -7.293374148705409343e-01
1.149166107782542273e-01 -1.142588708276406906e-01 -6.967972376164467407e-01
4.914386689518786266e-02 -1.277053807062581911e-02 -6.377411042794952634e-01
4.977574397013239532e-02 -1.088226411614683087e-01 -7.205332017352187313e-01
1.090674880298723587e-01 -1.147325412898582142e-01 -6.997610433589507295e-01
1.026360972062098781e-01 -2.053319339545236696e-02 -6.217480601922994454e-01
5.470495756280616823e-02 -1.273452914836266901e-02 -6.352736238370402244e-01
4.905111995459116025e-02 -9.813749029999475904e-02 -7.112011237605045944e-01
1.031688174575572381e-01 -1.152098056615085131e-01 -7.027505816499161062e-01
1.036674268803200877e-01 -2.890143928832050041e-02 -6.282565534736258561e-01
6.022363780883802087e-02 -1.269837151639855756e-02 -6.328255353455766175e-01
4.852753033618555090e-02 -8.786620886758125804e-02 -7.028306903786764037e-01
9.754493128495823895e-02 -1.157555282955013976e-01 -7.054636565920676672e-01
1.049353194069244238e-01 -3.751963461071599476e-02 -6.355667523809825914e-01
6.541801591585408304e-02 -1.254618132262517137e-02 -6.306829835208712653e-01
4.783393325400273760e-02 -7.770256114209836418e-02 -6.939390115953923965e-01
9.192572128970703804e-02 -1.161287526917855195e-01 -7.084347666661959808e-01
1.059184206674645273e-01 -4.686958367476927456e-02 -6.423393094158127425e-01
7.050259473667687404e-02 -1.261702700127400462e-02 -6.282849557286173114e-01
4.733778882879238759e-02 -6.791343889827212987e-02 -6.859714596849969537e-01
8.620942609838541659e-02 -1.166857436276093340e-01 -7.111889908961227524e-01
1.070247403620593202e-01 -5.580593193020188386e-02 -6.493043163023901609e-01
7.590165930453017518e-02 -1.258065386335321424e-02 -6.258912869574196902e-01
4.667298970297644595e-02 -5.823469107982463117e-02 -6.774890907108819249e-01
8.011426291595098725e-02 -1.171798861446988888e-01 -7.142766814198109326e-01
1.083744279782543202e-01 -6.503900228185360843e-02 -6.571105240231651656e-01
8.098184905851875393e-02 -1.243538766503848349e-02 -6.237910162951363358e-01
4.620237966414723896e-02 -4.889418941559589560e-02 -6.698963906235994026e-01
7.435604325245585844e-02 -1.175576858545098469e-01 -7.173282154719633485e-01
1.095349988880952585e-01 -7.438560179514759618e-02 -6.644055040309034821e-01
8.595886116980930303e-02 -1.249962459086515106e-02 -6.214506272162136913e-01
4.586005100233791348e-02 -3.914732204652807829e-02 -6.624894813991686338e-01
6.849400667185900904e-02 -1.181321346718984672e-01 -7.201478449372834545e-01
1.109440589929488047e-01 -8.406233116953648610e-02 -6.725706241037284761e-01
9.096633723193243981e-02 -1.235901466120061312e-02 -6.193769271531974763e-01
4.523426864758405691e-02 -3.013869088584012271e-02 -6.545701167164624801e-01
6.224485115213118647e-02 -1.186378310007170506e-01 -7.233149392509050646e-01
1.121627470484889560e-01 -9.384853646239367519e-02 -6.802191404868336289e-01
9.621170662134141682e-02 -1.232471446479469282e-02 -6.170500134459105945e-01
4.479838728731094094e-02 -2.141799985671495252e-02 -6.474933606901421834e-01
5.594092222120727181e-02 -1.191475652474747321e-01 -7.265103824806133925e-01
1.136355602861097297e-01 -1.040008430125792804e-01 -6.887693169307336216e-01
-1.259772969745043270e-01 1.986984222757340046e-01 -5.268983612437730946e-01
-2.158598306102967324e-01 2.097713580932739630e-01 -5.561631228586697562e-01
-2.354224214596872533e-01 1.607939423907855658e-01 -6.067448402460060564e-01
-1.367173189544378387e-01 1.515923718038293955e-01 -5.721225239152502029e-01
-2.074570125962688916e-01 2.085622460214615614e-01 -5.532267157740996533e-01
-2.335271138887168030e-01 1.655433247537950736e-01 -6.017348029067656201e-01
-1.454549572404599811e-01 1.523551460873789620e-01 -5.751253072118635012e-01
-1.268557547121349494e-01 1.947932694857354152e-01 -5.307547396000991125e-01
-1.987306322599537156e-01 2.075446039617397931e-01 -5.504516749448412627e-01
-2.316623539367036189e-01 1.702161205561319723e-01 -5.968062447007774773e-01
-1.538754951259716230e-01 1.532996742315304861e-01 -5.782702014628898768e-01
-1.278769346183001032e-01 1.904459787426323603e-01 -5.346579575333409995e-01
-1.903362617985845662e-01 2.068330433636853538e-01 -5.480903976783976228e-01
-2.298273884090100139e-01 1.748142144684179666e-01 -5.919572429376196432e-01
-1.627982543711012919e-01 1.540796706568512697e-01 -5.813378944263697390e-01
-1.287823509275643485e-01 1.864222502840657270e-01 -5.386289005836900623e-01
-1.821836429507700250e-01 2.056543848830211518e-01 -5.452350841264120840e-01
-2.278601279183113393e-01 1.797292043642281512e-01 -5.871371897187031008e-01
-1.711317297896619294e-01 1.547730325214968505e-01 -5.841608733621356242e-01
-1.297009858602841681e-01 1.823395083094855873e-01 -5.426585905039977842e-01
-1.737115273317623443e-01 2.046676985063079768e-01 -5.425423875643788918e-01
-2.260847891541007959e-01 1.841779918890459888e-01 -5.824432406607502610e-01
-1.802414043294809920e-01 1.555694235041911455e-01 -5.872928743417541453e-01
-1.306331566486463036e-01 1.781963885975808570e-01 -5.467482815653583739e-01
-1.657210043395863641e-01 2.035089958620849293e-01 -5.397397985548539889e-01
-2.243552622682874753e-01 1.884960651222222505e-01 -5.782816147648538463e-01
-1.890263741855656987e-01 1.565503266748463351e-01 -5.905684866156603041e-01
-1.316242207290984068e-01 1.740131421428531833e-01 -5.504284360589484226e-01
-1.574140105027608816e-01 2.025424310619602652e-01 -5.371006213138045382e-01
-2.226339783217649859e-01 1.928095294968447393e-01 -5.737275768717070568e-01
-1.983332174002922776e-01 1.573650444285290828e-01 -5.937696001475926133e-01
-1.325844786846969992e-01 1.697468694322187555e-01 -5.546363369990329195e-01
-1.498060180409551967e-01 2.016955496723227825e-01 -5.347277253913785833e-01
-2.209390747696203805e-01 1.970568355343268185e-01 -5.692443673308172913e-01
-2.073113779363608411e-01 1.583654032118634314e-01 -5.971146553539666835e-01
-1.336979341025591184e-01 1.650026687769736156e-01 -5.589045220919391932e-01
-1.416556302681562518e-01 2.007478520493694296e-01 -5.321390330708171135e-01
-2.192699260171690201e-01 2.012395481033848188e-01 -5.648304025412913543e-01
-2.165325276498426821e-01 1.589229656639014332e-01 -5.999870236440373317e-01
-1.346890379854384368e-01 1.606008564799498717e-01 -5.632430962961202381e-01
-1.339718593446451167e-01 1.996271301455982694e-01 -5.294365448444726674e-01
-2.174772074554895407e-01 2.057182912865382907e-01 -5.604422113787936865e-01
-2.261445528297692242e-01 1.597649475011546083e-01 -6.032937366709101301e-01
-1.356953749546983001e-01 1.561312974292139721e-01 -5.676485923192423622e-01
1.461099346383267772e-01 -9.783453965118488194e-02 -6.609944559346191406e-01
4.332763707573927814e-02 -1.052519298253692115e-01 -7.113255677504844998e-01
4.875354381439640089e-02 -2.110855449020245522e-01 -7.995951701659100852e-01
1.628458328618464790e-01 -1.944712581776341653e-01 -7.365822167959318323e-01
5.322042017448455620e-02 -1.046294940368037024e-01 -7.063434210536329028e-01
4.829507973994073833e-02 -2.000912586886260947e-01 -7.907960840988885742e-01
1.532972868268531186e-01 -1.958072286090207226e-01 -7.419466258955111915e-01
1.474083071257827338e-01 -1.060623510414634985e-01 -6.670855974441922687e-01
6.303715350694019670e-02 -1.038104015321097418e-01 -7.017028961061063663e-01
4.753611967658204901e-02 -1.898395877487743244e-01 -7.814235451265393317e-01
1.435864390246618383e-01 -1.972900962253760493e-01 -7.471953151810836191e-01
1.488119726857976000e-01 -1.137917277601866867e-01 -6.733085328738090958e-01
7.304575752356996798e-02 -1.030860942744435821e-01 -6.968048608070197547e-01
4.710148073120946216e-02 -1.793217338269512684e-01 -7.730197386549662042e-01
1.333803689711530460e-01 -1.987795664751667024e-01 -7.528266809478013633e-01
1.504097168056432454e-01 -1.224762728401019574e-01 -6.803566053387573032e-01
8.254179107268833082e-02 -1.024836791595521851e-01 -6.920300508451197041e-01
4.655936837940381073e-02 -1.697649709361091219e-01 -7.648652505896286202e-01
1.237622363916184992e-01 -2.001933614507400150e-01 -7.581166931102512052e-01
1.518670818882441043e-01 -1.305148396758413210e-01 -6.868217943337918685e-01
9.196216457636582908e-02 -1.017047769907741539e-01 -6.875660695436098813e-01
4.614571776371204775e-02 -1.596814887350594958e-01 -7.568192048225574897e-01
1.132537132494911003e-01 -2.017275466019753938e-01 -7.639139791471628582e-01
1.532750928858078732e-01 -1.393828025856498898e-01 -6.934103245447980068e-01
1.012100779146328233e-01 -1.011146739413377182e-01 -6.829212654427315732e-01
4.562414661684264378e-02 -1.505249714401842298e-01 -7.489986187130176498e-01
1.029844521805368535e-01 -2.031553113258147414e-01 -7.696986599159690856e-01
1.547875162568595198e-01 -1.477401387264318522e-01 -7.001244507830297614e-01
1.106954914282089336e-01 -1.004257208486773190e-01 -6.782830510184382211e-01
4.523021405317365767e-02 -1.408490889135828594e-01 -7.412883649049060164e-01
9.252356576305775793e-02 -2.047655905621953709e-01 -7.753309149549221235e-01
1.562542110522760763e-01 -1.569521659077182940e-01 -7.069796425514025540e-01
1.193915279360578952e-01 -9.978304940734342154e-02 -6.740474788967851794e-01
4.472793780618274095e-02 -1.320684330819249797e-01 -7.337813569152221715e-01
8.194479195472714750e-02 -2.062333212708847285e-01 -7.812951860334739207e-01
1.578249944280770700e-01 -1.656473454061707373e-01 -7.139576210975753234e-01
1.286321355928268517e-01 -9.911243176265295551e-02 -6.695281348417234657e-01
4.416761100364410830e-02 -1.225933263327392275e-01 -7.256160508123481456e-01
7.078477258280292672e-02 -2.078602631553736757e-01 -7.874558361093763059e-01
1.593538725536934320e-01 -1.752243499910050850e-01 -7.210954994839260390e-01
1.374442201604306746e-01 -9.839727950021769087e-02 -6.653319389683073348e-01
4.368452794919167048e-02 -1.141750007915335596e-01 -7.184133964644434656e-01
5.983019479355150549e-02 -2.095532828705603812e-01 -7.933424752926043766e-01
1.612484761092757846e-01 -1.844954451427174014e-01 -7.291339879797452683e-01
-5.299019533916531077e-02 1.723362171016766808e-01 -5.144242824491622734e-01
-1.436943702757986496e-01 1.823440347769278158e-01 -5.444428403324054200e-01
-1.543407451740561320e-01 1.403082316274478214e-01 -5.846838109862649846e-01
-5.670386889093619043e-02 1.320714327997241089e-01 -5.501809058097810734e-01
-1.350179142491158280e-01 1.816298782120063793e-01 -5.418561743549419329e-01
-1.532727876032986547e-01 1.445656718920014239e-01 -5.805003588001454995e-01
-6.532179338720946193e-02 1.328097703097836924e-01 -5.532400374000074894e-01
-5.327481883606714763e-02 1.691508928120490363e-01 -5.173006310951826503e-01
-1.265897823239969244e-01 1.804662654344617312e-01 -5.387931591746801807e-01
-1.521860612900814980e-01 1.487214822739353071e-01 -5.768789448202552572e-01
-7.403588979247281709e-02 1.335563498743999322e-01 -5.563333104998502421e-01
-5.368566919187714448e-02 1.655053791168580035e-01 -5.201497866909671197e-01
-1.178661150627573484e-01 1.794910952332593179e-01 -5.358912443765161404e-01
-1.512924006784019948e-01 1.524410172275438291e-01 -5.728129729229372025e-01
-8.222528321269628737e-02 1.342279655193853449e-01 -5.592039167569858860e-01
-5.400166919548746863e-02 1.618375325007839205e-01 -5.235229439731694523e-01
-1.094562609219327520e-01 1.788039496682168050e-01 -5.333899786160940515e-01
-1.502327117745388962e-01 1.564916383278241729e-01 -5.692882386361471925e-01
-9.112949628472427621e-02 1.349905414127746395e-01 -5.623643224405745489e-01
-5.429711207963645175e-02 1.585355224837767252e-01 -5.265026242232841991e-01
-1.012925482322207804e-01 1.776719520097635452e-01 -5.304173458125615026e-01
-1.492210809199142618e-01 1.605258860681579303e-01 -5.653205811268443570e-01
-9.974464051010827059e-02 1.359268109731225083e-01 -5.656628311756877192e-01
-5.462105018692321734e-02 1.547778063605259602e-01 -5.299573997054158880e-01
-9.305171983065949060e-02 1.770013799011171396e-01 -5.279695694010448914e-01
-1.483296184351879099e-01 1.640618080638338860e-01 -5.618930530762324960e-01
-1.085989489704711625e-01 1.364558838133082819e-01 -5.685274737990694272e-01
-5.492374722618945798e-02 1.513948622472898187e-01 -5.330100426314634543e-01
-8.505530156856522250e-02 1.758897504729630967e-01 -5.250545562949542333e-01
-1.473438041373310026e-01 1.679931328325112161e-01 -5.580265093895295792e-01
-1.174066111753524350e-01 1.374113459311107621e-01 -5.718976173058563095e-01
-5.525594994489448075e-02 1.475438841297248838e-01 -5.365493784783743614e-01
-7.677103453814870804e-02 1.749632964658353607e-01 -5.222983370161081718e-01
-1.464748120189595937e-01 1.714397348309127100e-01 -5.546860593050194632e-01
-1.264567167512418155e-01 1.379535341217034417e-01 -5.748272985558888770e-01
-5.569319774436988502e-02 1.436323799336446105e-01 -5.396250426505062592e-01
-6.914429334699925822e-02 1.741432631753951632e-01 -5.197994043320993685e-01
-1.455138047521731537e-01 1.752721004153056095e-01 -5.509168931323368268e-01
-1.358681598626581555e-01 1.387590304333377045e-01 -5.781671072387885024e-01
-5.590699672606864318e-02 1.401291607636243053e-01 -5.433046471225965179e-01
-6.102535311975973431e-02 1.732350619017469784e-01 -5.170979136862156045e-01
-1.445306772444863164e-01 1.790262545466672905e-01 -5.476605600644033345e-01
-1.449809557934571835e-01 1.397443170674735891e-01 -5.816500514137414868e-01
-5.635340550224936934e-02 1.361235313463572960e-01 -5.464614513034359300e-01
3.592213513240581635e-02 -2.310442716875047986e-01 -8.103491376205970154e-01
-7.598493002274127328e-02 -2.486493790257380543e-01 -8.725687515808551176e-01
-9.540926505667182700e-02 -5.040029124441237629e-01 -1.095729303967789559e+00
4.431696823521875245e-02 -4.598502232628862707e-01 -9.994422528964664876e-01
-6.518626734158114444e-02 -2.469075458454018102e-01 -8.666388703134070282e-01
-9.315875300041229212e-02 -4.758523030659962405e-01 -1.071669279566944022e+00
3.221091875457770398e-02 -4.636221268672564566e-01 -1.007903534301149095e+00
3.661058157350251946e-02 -2.483998188073775204e-01 -8.248804940463803081e-01
-5.453488193123688654e-02 -2.451904136181131677e-01 -8.607881632464492450e-01
-9.110486204271461830e-02 -4.482685242291589711e-01 -1.047342919233348990e+00
2.097942937102602323e-02 -4.671260968878448994e-01 -1.015742991838158638e+00
3.712918697024663456e-02 -2.660325622070345286e-01 -8.389855581484773062e-01
-4.358351989102125790e-02 -2.435489291665695055e-01 -8.545591582531552044e-01
-8.914257088113619609e-02 -4.219053897434231759e-01 -1.024089517943806760e+00
9.012567028281615739e-03 -4.709369098896701855e-01 -1.023924614958181767e+00
3.786437894105412760e-02 -2.846618766548698609e-01 -8.545696510680897973e-01
-3.322376402820068769e-02 -2.418782810287368745e-01 -8.488696569042488704e-01
-8.716345790627057222e-02 -3.972578212298072953e-01 -1.003066425981278265e+00
-3.150061817630664569e-03 -4.748110038989457049e-01 -1.032237895334220390e+00
3.875155279981153111e-02 -3.031142276307670635e-01 -8.705844161012350479e-01
-2.300249934762147591e-02 -2.402309533008619713e-01 -8.432544418752160320e-01
-8.536638434745362491e-02 -3.730702194837165475e-01 -9.817156503454627092e-01
-1.606208032592796112e-02 -4.788288451341120577e-01 -1.041273346349114837e+00
3.934069627562778587e-02 -3.227368821134801724e-01 -8.863250552237712521e-01
-1.291700763881757294e-02 -2.386065208666438009e-01 -8.377119974694479110e-01
-8.364466271505711925e-02 -3.498875347671144831e-01 -9.612484986637106488e-01
-2.863986885859877429e-02 -4.828346956867785034e-01 -1.049871605750744230e+00
4.015815752709456232e-02 -3.435428452412076505e-01 -9.037167589462058448e-01
-2.542649733767601058e-03 -2.370489525552522680e-01 -8.318157141457163117e-01
-8.188915349657181764e-02 -3.281240849393691761e-01 -9.427249927945724473e-01
-4.142858174698458434e-02 -4.869086438587152954e-01 -1.058611908432183446e+00
4.100710146080643187e-02 -3.651783331753100659e-01 -9.217978188011546337e-01
7.273947169530427248e-03 -2.354674120546924876e-01 -8.264218623593566626e-01
-8.049335430163689908e-02 -3.076624555534243632e-01 -9.240456742146785363e-01
-5.443352311638376823e-02 -4.910523792260887421e-01 -1.067497880305970259e+00
4.167915640862935450e-02 -3.871796676751473321e-01 -9.394883915277326691e-01
1.696265382412486672e-02 -2.339075282605039274e-01 -8.210963960123071059e-01
-7.896777424783242572e-02 -2.870920969435025727e-01 -9.058742468544187521e-01
-6.824706748127302991e-02 -4.953486266035209695e-01 -1.077169057999734170e+00
4.259364023705979052e-02 -4.105966184407085495e-01 -9.590423735966937535e-01
2.607313183957525940e-02 -2.325286921240663218e-01 -8.159373894721686504e-01
-7.739558932944136382e-02 -2.677074780023077638e-01 -8.894179857577716453e-01
-8.171137769824807218e-02 -4.996381203252958647e-01 -1.086370400928200697e+00
4.354572525530491650e-02 -4.350051925862647995e-01 -9.794202991350355880e-01
-1.923463235745399291e-01 1.672434398836959990e-01 -5.706612731789501014e-01
-3.108567934309432457e-01 1.789588276803843470e-01 -6.106798794750326609e-01
-3.420684617762789759e-01 1.216190029740805145e-01 -6.720855972377727250e-01
-2.102650248523504350e-01 1.129293078068476924e-01 -6.239461851807871495e-01
-2.998052898680232392e-01 1.778199819792997127e-01 -6.068926894299758734e-01
-3.389870876073635686e-01 1.272581584781362907e-01 -6.658632972322933163e-01
-2.215065148586652655e-01 1.135106701066384283e-01 -6.278523480786193378e-01
-1.939707838345430257e-01 1.623473728330441512e-01 -5.752805455998829531e-01
-2.881230683163283346e-01 1.765814895395152184e-01 -6.028479895598001237e-01
-3.359612326935819682e-01 1.327958200999251881e-01 -6.597540716996298515e-01
-2.327723267988611178e-01 1.145338775582004642e-01 -6.323173897830395296e-01
-1.954714195811804722e-01 1.578364997862666264e-01 -5.794565889358049837e-01
-2.769062723462473175e-01 1.756462545865586922e-01 -5.992675260514738200e-01
-3.329893834003588293e-01 1.382347667681951275e-01 -6.537549321902239585e-01
-2.443120291811563261e-01 1.151336909413463588e-01 -6.363310358390084076e-01
-1.969934117015635922e-01 1.531953791722894254e-01 -5.841930078496091472e-01
-2.662653428470106998e-01 1.745480627946694452e-01 -5.956190629278079740e-01
-3.301614359835489676e-01 1.434587451055685248e-01 -6.484021430700106503e-01
-2.560044942950528424e-01 1.157419443390955704e-01 -6.403983315420006539e-01
-1.985398143788190128e-01 1.484796723237387372e-01 -5.890063073612049616e-01
-2.550151710012176776e-01 1.733525235346819182e-01 -5.917205562703158339e-01
-3.270871152538459836e-01 1.491277927990306007e-01 -6.425092621908834456e-01
-2.677337103175289612e-01 1.167999293483552026e-01 -6.450379577741007786e-01
-2.001114062620197587e-01 1.437546569399540397e-01 -5.933864654234062286e-01
-2.442054111731066790e-01 1.724566289067191727e-01 -5.882764490844425431e-01
-3.242699792901406752e-01 1.542829646468039939e-01 -6.368176722525920042e-01
-2.797426483405505149e-01 1.174279944319218949e-01 -6.492195994020023564e-01
-2.017078865689939382e-01 1.388867177960265986e-01 -5.983520615264960041e-01
-2.336610410632994905e-01 1.711127285756414151e-01 -5.843558940812499936e-01
-3.215864044895100915e-01 1.592403597655482894e-01 -6.317391728399686102e-01
-2.922721702748833916e-01 1.183332165298332100e-01 -6.538947359826093875e-01
-2.034931607993023528e-01 1.335050086216371112e-01 -6.034357825910299233e-01
-2.231110653724400483e-01 1.702420341797053482e-01 -5.809989876202882320e-01
-3.188631751789669511e-01 1.642234385114929585e-01 -6.262354320563312537e-01
-3.041354986737502264e-01 1.191595608106946480e-01 -6.582828730553199614e-01
-2.051427204909407054e-01 1.285450457764138188e-01 -6.080370191091013510e-01
-2.126865209248814947e-01 1.693830359347907322e-01 -5.776835240566633445e-01
-3.161859941886260850e-01 1.691224207183884276e-01 -6.208261250103783713e-01
-3.166428648516391164e-01 1.198181244548990193e-01 -6.626435774106029797e-01
-2.068215067753235992e-01 1.234272109619651697e-01 -6.132507456686736580e-01
-2.025248110405165891e-01 1.680787398902489072e-01 -5.738943424769676893e-01
-3.136334855492011742e-01 1.738382232391915971e-01 -6.159993914643255852e-01
-3.297013717992070547e-01 1.207590729390326800e-01 -6.675129946600554254e-01
-2.085286908527697047e-01 1.182227238954565857e-01 -6.185530625012427564e-01
1.366366971173814948e-01 -2.602789463900147260e-02 -5.913831334358207181e-01
5.603269594410283799e-02 -2.767203357525004764e-02 -6.262814160670245878e-01
6.646388590756091563e-02 -1.741515062017688353e-01 -7.438671360418155354e-01
1.605193149190643487e-01 -1.626366872077880110e-01 -6.950671528754798212e-01
6.381165742370839555e-02 -2.751290096582115208e-02 -6.229140989504784454e-01
6.525278767476322406e-02 -1.587110756125097721e-01 -7.310991175239438533e-01
1.524219885800979224e-01 -1.636253573517332249e-01 -6.992727723813326746e-01
1.382963356746905736e-01 -3.711965048175928927e-02 -5.990507740220519795e-01
7.150703835556578014e-02 -2.735576514647234531e-02 -6.195825543647879297e-01
6.418801974767250618e-02 -1.431024456519321975e-01 -7.187258629670592036e-01
1.442258217070958304e-01 -1.646263985676336972e-01 -7.035292272711559658e-01
1.403284172710076716e-01 -4.799477824614889476e-02 -6.076563449886169810e-01
7.912016682512869326e-02 -2.720060854658828964e-02 -6.162861938374474269e-01
6.324910899937614961e-02 -1.288706972255410921e-01 -7.075509360596907715e-01
1.359290028567323450e-01 -1.656400314319522449e-01 -7.078374593198161202e-01
1.421792792833919683e-01 -5.910102854110194787e-02 -6.158419108401878006e-01
8.665234266981325373e-02 -2.704741394045149377e-02 -6.130244414562578958e-01
6.214534082881342791e-02 -1.149079450710507461e-01 -6.959761549603278308e-01
1.275296760480248148e-01 -1.666664816896223089e-01 -7.121984338812502591e-01
1.443223048421787558e-01 -7.060812486380826924e-02 -6.249283718731366566e-01
9.382296710029172648e-02 -2.680057681815960907e-02 -6.100619034812549968e-01
6.107450153322953323e-02 -1.013918451032458923e-01 -6.847636558726606371e-01
1.193948038036739406e-01 -1.675956384551263723e-01 -7.165286962389206815e-01
1.465256454684357168e-01 -8.245776416648316343e-02 -6.342759664828778732e-01
1.011988476771762541e-01 -2.665476414102625410e-02 -6.068618580591423894e-01
6.033590281519778803e-02 -8.780834622565859837e-02 -6.746249725652420093e-01
1.107902073295540801e-01 -1.686451757354472114e-01 -7.209995671655694549e-01
1.484686133745228287e-01 -9.516492821403726987e-02 -6.431721303553213920e-01
1.081743097829786504e-01 -2.659708269093686434e-02 -6.037223254235243308e-01
5.932483598624268412e-02 -7.512312873960991233e-02 -6.640815063098034488e-01
1.024255140772742378e-01 -1.697487572504252917e-01 -7.252089392660531209e-01
1.507999876089823887e-01 -1.077433170859209005e-01 -6.530745377021890397e-01
1.154011945861267985e-01 -2.645197392980924364e-02 -6.005901126390774669e-01
5.834229503256724292e-02 -6.282597049460528216e-02 -6.538525152819706365e-01
9.360575765065737297e-02 -1.708281722551372728e-01 -7.297855770275971654e-01
1.532003982013831200e-01 -1.207124195815210688e-01 -6.632754451547332453e-01
1.225531260507463360e-01 -2.630875066039389115e-02 -5.974898457518497130e-01
5.757426498307969404e-02 -5.100191118115536548e-02 -6.446084301485879298e-01
8.467367654539197097e-02 -1.719215942235610139e-01 -7.344200706443461124e-01
1.554208573119441328e-01 -1.339268789660651438e-01 -6.730638795339913827e-01
1.296312520553760950e-01 -2.616739639644552473e-02 -5.944210180012016176e-01
5.664348889194512765e-02 -3.941859487827521769e-02 -6.349555821379114784e-01
7.562712100193219600e-02 -1.730292832972391004e-01 -7.391135405057346341e-01
1.578928004482864911e-01 -1.483846710192847640e-01 -6.838876438755714382e-01
1.630485027941512843e-01 1.630555276821743227e-01 -4.170190550921064609e-01
8.188550133435645861e-02 1.729294723384877386e-01 -4.423437386273914584e-01
9.295174517151801041e-02 9.305182178610309218e-02 -5.028315113488027732e-01
1.838045117502536130e-01 8.700723528326995138e-02 -4.702601253364075418e-01
8.979011281481066864e-02 1.719616227773138883e-01 -4.398701327690880403e-01
9.177452239427587311e-02 1.013120703555463187e-01 -4.964822231326044277e-01
1.759105827077728779e-01 8.753502252917974569e-02 -4.730934027322360458e-01
1.645268232082705562e-01 1.565870022670023953e-01 -4.209096979624826762e-01
9.760709199496296617e-02 1.710049032822850423e-01 -4.374244133799051193e-01
9.083143371609868344e-02 1.094492568804947552e-01 -4.908484758200223896e-01
1.681395278104185487e-01 8.799055714372014392e-02 -4.758022022103348125e-01
1.663118869404487665e-01 1.502006421670070702e-01 -4.254741189970961956e-01
1.049080138512584470e-01 1.701386831890306373e-01 -4.351718159059598245e-01
8.959664206505355000e-02 1.168277015732939184e-01 -4.846516700374386977e-01
1.602977827928847576e-01 8.856937947339965644e-02 -4.786852074415196001e-01
1.682597778778193165e-01 1.441750110852542122e-01 -4.303664751113936426e-01
1.125582660335182061e-01 1.692017001144388577e-01 -4.327774861233422143e-01
8.850182383277185871e-02 1.245033279774667989e-01 -4.787491352595196203e-01
1.521181744616849907e-01 8.911697879289237623e-02 -4.816219146114317229e-01
1.698580717393175232e-01 1.373294450893429719e-01 -4.345589986092803780e-01
1.201250848510962005e-01 1.682753457997930302e-01 -4.304097436763414386e-01
8.763814372824235699e-02 1.321019890677234132e-01 -4.735369493517511130e-01
1.440537099274302457e-01 8.956917644746913154e-02 -4.844071957443064624e-01
1.717602437082360878e-01 1.305173202657039788e-01 -4.394235027680996053e-01
1.273573565219771608e-01 1.672727950447959466e-01 -4.280109403462464268e-01
8.647592018578648121e-02 1.389444306659704254e-01 -4.677411944943963840e-01
1.359334318221485927e-01 9.018712358163655241e-02 -4.874159215886087471e-01
1.738190161602086448e-01 1.240476911550131428e-01 -4.446038181685987856e-01
1.345996825850530876e-01 1.665249391550642499e-01 -4.259055146998173558e-01
8.545505027544689214e-02 1.460951613876678989e-01 -4.622396640177806604e-01
1.274522446967037703e-01 9.075548150609495657e-02 -4.904616189389974790e-01
1.755467028298646481e-01 1.167810841121188353e-01 -4.491232733056952919e-01
1.419280298187851896e-01 1.656272992515061548e-01 -4.236118371104442559e-01
8.466338623340016745e-02 1.532111755270690601e-01 -4.574077251135901245e-01
1.188649243505952580e-01 9.133150833259795487e-02 -4.935461282613682887e-01
1.775781601543592048e-01 1.094996938757145100e-01 -4.543189914736709412e-01
1.489455089979722924e-01 1.646800413041179800e-01 -4.213138469863590974e-01
8.356588947555070035e-02 1.595699142471042609e-01 -4.519717092750994425e-01
1.106637029794406563e-01 9.186352640978032169e-02 -4.964692397286013525e-01
1.797615127565558302e-01 1.025443026570114213e-01 -4.598216145110191055e-01
1.559476491539974752e-01 1.639259637681566850e-01 -4.192422959045114528e-01
8.261162814549698197e-02 1.662476028719623300e-01 -4.468314696375141892e-01
1.018638501746381986e-01 9.245367033265712575e-02 -4.996299156746236703e-01
1.816298894082805371e-01 9.480761959893949098e-02 -4.646976960320668426e-01
1.968257768360275051e-01 1.456558542121326738e-01 -4.161574984554501366e-01
1.212880708119490336e-01 1.539792485689051860e-01 -4.401776053530185862e-01
1.323082153418499995e-01 9.980830699948994855e-02 -4.801955928619026648e-01
2.136215874879715537e-01 9.395328274355951859e-02 -4.516934049404918716e-01
1.285196584046924273e-01 1.531913418254131631e-01 -4.378885561685877947e-01
1.311926864754746069e-01 1.051634215824220481e-01 -4.761732906960892686e-01
2.066354557702930750e-01 9.446368463623956713e-02 -4.541513691801444819e-01
1.982816048109768414e-01 1.412830085351867437e-01 -4.192352949098560044e-01
1.356751417180725172e-01 1.524103453794746488e-01 -4.356219705668425424e-01
1.300949246615071830e-01 1.104292353952676109e-01 -4.722159437348314448e-01
1.995720383143654852e-01 9.497814071076743359e-02 -4.566345427324292605e-01
1.997580492274262653e-01 1.368442922875713619e-01 -4.223567636836371153e-01
1.427556256808597268e-01 1.516360143880744749e-01 -4.333773524174979741e-01
1.290144710381767035e-01 1.156078832984674259e-01 -4.683219125430119201e-01
1.924300796093200150e-01 9.549673680004572285e-02 -4.591433598997096133e-01
2.009822580081601084e-01 1.321658178631872627e-01 -4.249668856796813832e-01
1.497621935648489333e-01 1.508681131668679620e-01 -4.311542204517698207e-01
1.280677222176913599e-01 1.203313143027972404e-01 -4.648684593036570001e-01
1.852083012561392683e-01 9.601956961323281081e-02 -4.616782744968973007e-01
2.025026039844990688e-01 1.275990574552609558e-01 -4.281810836982710144e-01
1.566959087705833420e-01 1.501064171767147182e-01 -4.289521102629366700e-01
1.270193724037874394e-01 1.253490854899615148e-01 -4.610916903035822689e-01
1.779054009823132498e-01 9.654674657061622367e-02 -4.642397599038726175e-01
2.040449824571181348e-01 1.229620310768536062e-01 -4.314419508659388947e-01
1.635578166092389873e-01 1.493507149978658965e-01 -4.267705762929345781e-01
1.259870765195756359e-01 1.302855323049359471e-01 -4.573737544655479548e-01
1.705200515644437753e-01 9.707838551712395792e-02 -4.668283089907785954e-01
2.056099379551151740e-01 1.182532308100535806e-01 -4.347506355784196974e-01
1.703489460459970684e-01 1.486008102266045405e-01 -4.246091937347953871e-01
1.249704261553677281e-01 1.351425250818351353e-01 -4.537131992363493405e-01
1.630508996658149579e-01 9.761461432601867272e-02 -4.694444339287178192e-01
2.071980285125541721e-01 1.134710964991808707e-01 -4.381083150389928349e-01
1.770703113674142182e-01 1.478565232257757212e-01 -4.224675602773366179e-01
1.239690244153708598e-01 1.399218727122157890e-01 -4.501086149503261691e-01
1.554965645971435884e-01 9.815557040689375234e-02 -4.720886659012735187e-01
2.086436006778239760e-01 1.089695673188891406e-01 -4.411679329483099155e-01
1.837229137342485663e-01 1.471176926606489466e-01 -4.203452976187097567e-01
1.232165256937138853e-01 1.447799718085354126e-01 -4.471181310810944942e-01
1.478556370095182870e-01 9.870140013402838031e-02 -4.747615547344813947e-01
2.102778891977307718e-01 1.040429520304939487e-01 -4.446234060736009575e-01
1.903077425821803059e-01 1.463841767552803153e-01 -4.182420526796316596e-01
1.222452018629124754e-01 1.494158766675622585e-01 -4.436217911197962716e-01
1.401266775289368161e-01 9.925225821242955604e-02 -4.774636684643669970e-01
2.119370117552220878e-01 9.903811681233987141e-02 -4.481314610184752856e-01
2.281197797108749092e-01 3.111564247935421149e-03 -5.194480253338004117e-01
1.543327711112344458e-01 3.328157504920724579e-03 -5.497064566180580591e-01
1.826197211661485520e-01 -1.333142097536183512e-01 -6.504543626806642553e-01
2.672329513462620154e-01 -1.247557245766181822e-01 -6.085438564974803288e-01
1.612692155876862821e-01 3.291056937593273522e-03 -5.468389218986282607e-01
1.793760291425603726e-01 -1.188412510529997801e-01 -6.391596594423631927e-01
2.601142756266106026e-01 -1.254738847205899011e-01 -6.120728934569555912e-01
2.311846534227987582e-01 -6.848652359787456984e-03 -5.264265598753067321e-01
1.684048708105868875e-01 3.307016401736105182e-03 -5.439635120974622984e-01
1.765640797399752882e-01 -1.043737575487223151e-01 -6.289536613502448859e-01
2.526469425936480606e-01 -1.262429183600677352e-01 -6.157494346715117750e-01
2.343319972606620616e-01 -1.708006584339362768e-02 -5.335930315827603909e-01
1.754517710526161400e-01 3.214579587065037602e-03 -5.409748569971404297e-01
1.737743909067301362e-01 -9.096429635111517864e-02 -6.190321197969868017e-01
2.453584581186908087e-01 -1.269774742647417631e-01 -6.193638946907190634e-01
2.375652436251025623e-01 -2.759378731526736586e-02 -5.409552536764891117e-01
1.821759985012827709e-01 3.186344286740748141e-03 -5.382056043296981063e-01
1.710706079562722970e-01 -7.797099261183911001e-02 -6.094167991782691862e-01
2.377086515136269951e-01 -1.277698061051066036e-01 -6.231228800902230969e-01
2.408302522975365456e-01 -3.894237519964335870e-02 -5.484259941303725183e-01
1.890891606434156880e-01 3.199554184877423553e-03 -5.354169858564313822e-01
1.684487811255250544e-01 -6.537485708595072720e-02 -6.000936513740566802e-01
2.302441727874633970e-01 -1.285213857536403881e-01 -6.268258245277841256e-01
2.442491369644408661e-01 -5.006312546996699586e-02 -5.562110887321224384e-01
1.956763487753860886e-01 3.172908961792598147e-03 -5.327056052230174643e-01
1.659051967038354114e-01 -5.315804359406493818e-02 -5.910494696010017979e-01
2.226917270495186729e-01 -1.292800420148635943e-01 -6.305752372161456121e-01
2.477654393220758700e-01 -6.150390385488421763e-02 -5.642181678127340394e-01
2.021987855575048676e-01 3.148956364203778745e-03 -5.300241996415100409e-01
1.634363594940480557e-01 -4.130376463634997247e-02 -5.822718260178642025e-01
2.147583999681261790e-01 -1.301069986403615431e-01 -6.344650279560348771e-01
2.513834402811117585e-01 -7.327861126761754662e-02 -5.724569781980349825e-01
2.088999877352607226e-01 3.154934943907802044e-03 -5.273116556830846902e-01
1.611206708436568880e-01 -2.923893078587611050e-02 -5.738344955986325324e-01
2.070201627079450990e-01 -1.308836577264552159e-01 -6.383077983472181804e-01
2.551076714068510887e-01 -8.540197333078192177e-02 -5.809378379407766912e-01
2.152915751800789090e-01 3.132549844341358646e-03 -5.246855770391766205e-01
1.587935431403596498e-01 -1.807032237689563253e-02 -5.655618149519563431e-01
1.988841483751857542e-01 -1.316540662042638421e-01 -6.424223872153814741e-01
2.589429338600046648e-01 -9.788960180316674808e-02 -5.896716794413766616e-01
2.218551059917323320e-01 3.132395828120488907e-03 -5.220203950432955597e-01
1.565318311716681621e-01 -7.219040474356861435e-03 -5.575224087508439119e-01
1.906493759310728675e-01 -1.325142546784993658e-01 -6.464574355451121468e-01
2.628537504192071106e-01 -1.113453485002638965e-01 -5.986133017309236415e-01
-9.664920143442447265e-02 -1.993533034096173218e-01 -8.174176703961317791e-01
-3.087885104825097704e-01 -2.258176183477930421e-01 -9.263477927971325299e-01
-3.723509444178585426e-01 -4.267772971280504590e-01 -1.117546705514154359e+00
-1.137171793590991686e-01 -3.677696137185153535e-01 -9.628640919998605607e-01
-2.871709162768980583e-01 -2.233153878026890859e-01 -9.149205891064594587e-01
-3.656349149820348754e-01 -4.054282144964982959e-01 -1.096549364206760968e+00
-1.343000298807318915e-01 -3.725597069594349664e-01 -9.749869880680490652e-01
-9.802745694440634372e-02 -2.130431187517840830e-01 -8.292900171585971814e-01
-2.660192564718971142e-01 -2.205431552311977461e-01 -9.042840799900163651e-01
-3.589641712118470385e-01 -3.844558851224192941e-01 -1.077294859787135684e+00
-1.553828944255127853e-01 -3.772306519375995260e-01 -9.878728010464550291e-01
-9.934879251373544828e-02 -2.259820292258027941e-01 -8.404095128680121318e-01
-2.459507673348254875e-01 -2.180542526174335527e-01 -8.939546463460924519e-01
-3.527253557909846293e-01 -3.646185795771616500e-01 -1.057753620340125655e+00
-1.770509457774102346e-01 -3.822730324866884799e-01 -1.000635670856648618e+00
-1.008068715275767940e-01 -2.404590399231341102e-01 -8.529614386576286345e-01
-2.252309986153543109e-01 -2.155103216193089699e-01 -8.832467127804899398e-01
-3.465076501728533986e-01 -3.450751991432171040e-01 -1.039838708221384689e+00
-1.992933662606658773e-01 -3.874523406858837449e-01 -1.013729803343781599e+00
-1.022048099863869103e-01 -2.541504282191093256e-01 -8.647289137192989417e-01
-2.060759145137006920e-01 -2.131332402918021118e-01 -8.733898386736886899e-01
-3.406974566744314648e-01 -3.265958505991369831e-01 -1.021606090019044233e+00
-2.221036195061396878e-01 -3.925054684603311306e-01 -1.027672847634388376e+00
-1.037497847664277384e-01 -2.694843798665413348e-01 -8.780206301459109186e-01
-1.867894911284848913e-01 -2.106062059709199186e-01 -8.636899489176758093e-01
-3.348876971296017580e-01 -3.083390856879528186e-01 -1.004896715212094227e+00
-2.455665410058137099e-01 -3.979680080160033495e-01 -1.041487720283952534e+00
-1.054237957434031869e-01 -2.848633152690095427e-01 -8.906738702984153822e-01
-1.679858917009839081e-01 -2.084291277872383219e-01 -8.537510728220071288e-01
-3.291381417237087548e-01 -2.901525962494623800e-01 -9.875423893447331514e-01
-2.689861267117060750e-01 -4.033003594224253141e-01 -1.055516060339826812e+00
-1.068710102587012850e-01 -3.002650247045315357e-01 -9.045934233736160346e-01
-1.495471372212467398e-01 -2.060123550467337361e-01 -8.444790764701669561e-01
-3.240227977425638173e-01 -2.739898632511209020e-01 -9.722239231969134199e-01
-2.944363713445245501e-01 -4.090700916125378228e-01 -1.070810452889841224e+00
-1.086422415995975943e-01 -3.165803924203743347e-01 -9.180427799433538150e-01
-1.315112896719471680e-01 -2.036515670454710214e-01 -8.354039409759221879e-01
-3.186382512684955426e-01 -2.569574776342661293e-01 -9.559681522000207377e-01
-3.191979461103832683e-01 -4.147063433799109688e-01 -1.085645893123799333e+00
-1.101872075965885378e-01 -3.329650437026263066e-01 -9.328213356345341767e-01
-1.139172824253181504e-01 -2.016137189990274969e-01 -8.261060702764977393e-01
-3.138416932505011525e-01 -2.418022709757035038e-01 -9.416061998251019638e-01
-3.454008861860520807e-01 -4.208075662265620687e-01 -1.101072387690015031e+00
-1.120648963771376239e-01 -3.503063072884149420e-01 -9.471431427628899113e-01
