-4.525366639794782819e-01 -1.782452867687168707e-01 7.912306745504602556e-01
-4.099027900629217958e-01 -1.782468502492159934e-01 8.833251092031647600e-01
-4.099218157615943103e-01 -1.058384483574221352e-01 8.834052583098471745e-01
-4.526057388149821170e-01 -1.057920212481570504e-01 7.912170584947427754e-01
-4.138650760918610727e-01 -1.784285684547380069e-01 8.749509190460632579e-01
-4.099057873465871693e-01 -1.121903466803577387e-01 8.834166025582406157e-01
-4.487293341574436489e-01 -1.057080674372008616e-01 7.999016723304986920e-01
-4.525578687389342769e-01 -1.717335369342654072e-01 7.912007483338812097e-01
-4.176200354979239804e-01 -1.782080919414542053e-01 8.663180047389490435e-01
-4.099270364078691498e-01 -1.189858456721624297e-01 8.833795912691492225e-01
-4.446019536241549996e-01 -1.059761259758138369e-01 8.083853168988107685e-01
-4.525778247596857207e-01 -1.652216184783447117e-01 7.911731642246365714e-01
-4.213484117774422555e-01 -1.782801279311087006e-01 8.580571847716528255e-01
-4.098792990122756552e-01 -1.256616580529760496e-01 8.834309897947075774e-01
-4.409966233385856360e-01 -1.058834795517976796e-01 8.165954625686148161e-01
-4.525617071843958117e-01 -1.583133458914141034e-01 7.912153999693168904e-01
-4.248367289451336903e-01 -1.782833536185030598e-01 8.496147061328157557e-01
-4.099021667627549825e-01 -1.324571454341958443e-01 8.833919808272755470e-01
-4.370959157622996138e-01 -1.056998900337484670e-01 8.247414122843502726e-01
-4.525804840776659344e-01 -1.518011743039051065e-01 7.911900771272669664e-01
-4.291666091270391892e-01 -1.783352500149288089e-01 8.414784660757143042e-01
-4.098823424813485827e-01 -1.388081726127328164e-01 8.834081415436290108e-01
-4.332704903048793521e-01 -1.059096529036294421e-01 8.332344077326515608e-01
-4.525979711163004016e-01 -1.452888428883581384e-01 7.911671741381270939e-01
-4.332430180507891859e-01 -1.783161553165714119e-01 8.331672883312765121e-01
-4.099082029200519228e-01 -1.456038452837774000e-01 8.833652889098966288e-01
-4.291878744447219507e-01 -1.060767042823184542e-01 8.415551196219235308e-01
-4.525543070360688591e-01 -1.387518693092041622e-01 7.912616324470446161e-01
-4.370623966748848899e-01 -1.782256595363422014e-01 8.246843409728384922e-01
-4.098873027367351263e-01 -1.519545211155299558e-01 8.833828395580389792e-01
-4.248766077695532162e-01 -1.058595110427610758e-01 8.496639893746180672e-01
-4.525719700025399583e-01 -1.322393661893814520e-01 7.912384938219115815e-01
-4.409360045892705693e-01 -1.781096418243379997e-01 8.165857693899672975e-01
-4.098648845657698603e-01 -1.583048595173628670e-01 8.834022948453164048e-01
-4.213521070429165349e-01 -1.055865905039026081e-01 8.581595175253921015e-01
-4.525883174883379434e-01 -1.257267083678416386e-01 7.912178239501523880e-01
-4.446072714873490206e-01 -1.783308889640146944e-01 8.082609290341901120e-01
-4.098941350041082621e-01 -1.651007365182578790e-01 8.833551411164020095e-01
-4.176183567842162714e-01 -1.056986193530902174e-01 8.664266829826074989e-01
-4.525768671061946580e-01 -1.188179679587154924e-01 7.912511211423202129e-01
-4.487274117706228083e-01 -1.781391597620062273e-01 7.997883223392256991e-01
-4.098706752949217713e-01 -1.714507022016260596e-01 8.833759424104915547e-01
-4.138945050678511928e-01 -1.057897315132049348e-01 8.750175936745433480e-01
-4.525919772513379291e-01 -1.123050671633005204e-01 7.912328241400649054e-01
-5.651145753766806390e-01 2.534642281665949182e-01 5.445066003421406009e-01
-5.220206089148855533e-01 2.530467669895313243e-01 6.367130896344057600e-01
-5.220709334962684300e-01 3.189139046616440432e-01 6.366493203406700108e-01
-5.651453630577244480e-01 3.190655333665123328e-01 5.444604374279057302e-01
-5.261293117524972196e-01 2.531405367130524775e-01 6.285311205633143938e-01
-5.220652821323565895e-01 3.125894463806125900e-01 6.366600239258296545e-01
-5.611094738735934451e-01 3.191396322901517424e-01 5.528688533354436663e-01
-5.651174155969801438e-01 2.594280731635976167e-01 5.445037705614228507e-01
-5.297850936062018512e-01 2.531901421221230408e-01 6.197517950593290914e-01
-5.220523540955462893e-01 3.070367936114321017e-01 6.367136965608829469e-01
-5.571154693171138650e-01 3.191005759082623516e-01 5.611803673200160825e-01
-5.651202470389833366e-01 2.653919063326706240e-01 5.445006501245683861e-01
-5.337350935233199367e-01 2.531021943133854313e-01 6.113775302782308296e-01
-5.220656735043104346e-01 3.010197361297796692e-01 6.366198909845329768e-01
-5.534659160645176712e-01 3.188769609960487306e-01 5.698906754130595997e-01
-5.651230698689622134e-01 2.713557254319473033e-01 5.444972446779401398e-01
-5.378129187023081847e-01 2.534154373970760599e-01 6.029854309810477320e-01
-5.220600726212183407e-01 2.946954529863134442e-01 6.366303201960245017e-01
-5.496155301701983742e-01 3.189000255702038045e-01 5.778942854530679796e-01
-5.651258842553824602e-01 2.773195283126315136e-01 5.444935599352923594e-01
-5.415548218893861954e-01 2.528505058485772672e-01 5.945225325551378726e-01
-5.220475534521048511e-01 2.891424783356026929e-01 6.366817361702190592e-01
-5.456602313562706197e-01 3.189443455128085358e-01 5.866503286218239799e-01
-5.651286903686968399e-01 2.832833129190484023e-01 5.444896016709007691e-01
-5.456236999433129453e-01 2.533917355366592794e-01 5.866748848296309271e-01
-5.220422275028233638e-01 2.828179905467185784e-01 6.366906031720814818e-01
-5.415897144199675051e-01 3.187386207146521433e-01 5.945303445116855157e-01
-5.651314883811380252e-01 2.892470772885652464e-01 5.444853757127869898e-01
-5.495766696530292039e-01 2.534484540923512830e-01 5.779878946678218554e-01
-5.220301877784668809e-01 2.772645138107708296e-01 6.367392333339391142e-01
-5.378538077199627176e-01 3.188720490340157254e-01 6.029389797928292882e-01
-5.651342784665157604e-01 2.952108195513788447e-01 5.444808879360412135e-01
-5.534302061167695186e-01 2.530327022353608402e-01 5.699508931406279677e-01
-5.220424299403232382e-01 2.712493089420158765e-01 6.366515735085140903e-01
-5.337654524841271009e-01 3.185812459399550156e-01 6.114274702740539746e-01
-5.651370608000181317e-01 3.011745379301813963e-01 5.444761442562607856e-01
-5.570836478821411530e-01 2.531697020364327977e-01 5.610528017532657730e-01
-5.220371659996669855e-01 2.649250063421516588e-01 6.366601019078625967e-01
-5.298108549549795931e-01 3.189698131530811498e-01 6.198332021538318637e-01
-5.651398355580143917e-01 3.071382307397055866e-01 5.444711506231064702e-01
-5.610765017157388623e-01 2.533600107585780026e-01 5.528341830731636763e-01
-5.220255725204955288e-01 2.593712458578454894e-01 6.367062667144360866e-01
-5.261425415552523077e-01 3.189139810665657659e-01 6.286847557214242377e-01
-5.651426029178636679e-01 3.131018963861531001e-01 5.444659130139913872e-01
-4.298967594197452002e-01 -1.289188147589766797e-01 6.823627911857785833e-01
-3.985391838926670705e-01 -1.293645829118637292e-01 7.506278809588640133e-01
-3.986010983201068725e-01 -3.211660464893974221e-02 7.506484077204866878e-01
-4.299359168828343347e-01 -3.187011739932217591e-02 6.824244078413583825e-01
-4.011457030556400682e-01 -1.293623549414505969e-01 7.441996209044788868e-01
-3.985924376245338352e-01 -4.061903011073810660e-02 7.506533513458104601e-01
-4.272134699982173545e-01 -3.195402122859983957e-02 6.890714494530794099e-01
-4.299157899723078380e-01 -1.204424752338096039e-01 6.823224135188792339e-01
-4.045457951066038782e-01 -1.294059948481450784e-01 7.382869580556875588e-01
-3.985925938794951939e-01 -4.949659402588726248e-02 7.506395660481207655e-01
-4.245552688798994723e-01 -3.197276799933734120e-02 6.948537945173138830e-01
-4.299153218395453946e-01 -1.116260772640360610e-01 6.823398179080090165e-01
-4.068686778077407196e-01 -1.293368470195008502e-01 7.317230350689927221e-01
-3.985941928336406703e-01 -5.837397963934844169e-02 7.506228112598438695e-01
-4.215331823785078980e-01 -3.199346444653836802e-02 7.013675065518440999e-01
-4.299152563224759027e-01 -1.028094466387706046e-01 6.823560442941908333e-01
-4.099844771265765409e-01 -1.293266072718247117e-01 7.256834897785493510e-01
-3.985972235400692676e-01 -6.725118823962995818e-02 7.506031095461055402e-01
-4.185937650898167162e-01 -3.165357619061998085e-02 7.070724951609951292e-01
-4.299156000190021976e-01 -9.399258834683066333e-02 6.823710733226929781e-01
-4.130098805543445106e-01 -1.292714440952369148e-01 7.194600845363434694e-01
-3.985841789744787866e-01 -7.649264596383127668e-02 7.506159267247294320e-01
-4.158844987878841937e-01 -3.205661399973974701e-02 7.133492955875669894e-01
-4.299163589386222895e-01 -8.517550751868412096e-02 6.823848873638657109e-01
-4.158382993058878929e-01 -1.292074994251007081e-01 7.133026734483297604e-01
-3.985681594808759276e-01 -8.499414117863278439e-02 7.506358322631669910e-01
-4.130305849473693836e-01 -3.171088792805001888e-02 7.195691036545223129e-01
-4.299175384769134411e-01 -7.635820941453869137e-02 6.823974705880112568e-01
-4.185463149493379165e-01 -1.294726903283870134e-01 7.070290749174896749e-01
-3.985714520787132509e-01 -9.387081206211439488e-02 7.506156757752688868e-01
-4.100381247451322375e-01 -3.171899005569073920e-02 7.257155447388983216e-01
-4.299191433921064620e-01 -6.754069941168694413e-02 6.824088090341261514e-01
-4.215144262160353539e-01 -1.293661494018634173e-01 7.012505570022465884e-01
-3.985761449351950536e-01 -1.027473108957741993e-01 7.505926366971443775e-01
-4.068948181613117887e-01 -3.209806359647100760e-02 7.318174805049694198e-01
-4.299211777839231363e-01 -5.872298299116476133e-02 6.824188906719984571e-01
-4.245150030197555324e-01 -1.292550592179017577e-01 6.947938323072186950e-01
-3.985822191695199135e-01 -1.116236388498488274e-01 7.505667538952740525e-01
-4.045999717677640217e-01 -3.174821939758048356e-02 7.383211475884230435e-01
-4.299329049346449216e-01 -4.950640933570175234e-02 6.824011010469962502e-01
-4.271813048243164324e-01 -1.294815368567235891e-01 6.889886652683219204e-01
-3.985896538837429559e-01 -1.204997970584691797e-01 7.505380704049146035e-01
-4.011708759738436547e-01 -3.210923358342786249e-02 7.442955430058306732e-01
-4.299341951691009189e-01 -4.068836539955535125e-02 6.824133857324012897e-01
-4.803954222674455821e-01 2.746096981368199574e-01 5.111160940499912542e-01
-4.401467015987505782e-01 2.744542303452984777e-01 5.980088670489224212e-01
-4.401576160573713592e-01 3.464653590576697861e-01 5.981353159400654151e-01
-4.804251960157652213e-01 3.466135774318525598e-01 5.111264943800283289e-01
-4.435874640865901108e-01 2.743171878446497569e-01 5.898869846782615056e-01
-4.401919276471107367e-01 3.400112482701359018e-01 5.979454765716158970e-01
-4.766374853129705658e-01 3.465662535177141956e-01 5.186905279787182854e-01
-4.803981747350455356e-01 2.812444848302678158e-01 5.111163003057667131e-01
-4.472777085670679442e-01 2.749545486137550676e-01 5.824191476321244343e-01
-4.401664618141977736e-01 3.337265085027332767e-01 5.980584916504488868e-01
-4.731897788140221328e-01 3.466010423695868869e-01 5.268882426268894914e-01
-4.804009285889691561e-01 2.878793165080633654e-01 5.111163655954208407e-01
-4.506145854265927175e-01 2.746396315607895766e-01 5.741312806771966537e-01
-4.401757022952911824e-01 3.269899081606314484e-01 5.979947485474570446e-01
-4.698046147617927493e-01 3.465213209896254587e-01 5.349983741570490947e-01
-4.804036837848986163e-01 2.945141921943359442e-01 5.111162942585614211e-01
-4.546599359630849047e-01 2.746730404492623290e-01 5.662269236322372556e-01
-4.401509191973527191e-01 3.207041898929236523e-01 5.981041871940064869e-01
-4.654963614770307734e-01 3.468312161421795436e-01 5.425988354201942698e-01
-4.804064402785147014e-01 3.011491109882668549e-01 5.111160906444675023e-01
-4.584180588293133574e-01 2.745923293580741498e-01 5.583186587907837950e-01
-4.401599991407204593e-01 3.139680614955213667e-01 5.980413193245377457e-01
-4.619026833639818808e-01 3.464984235346269537e-01 5.506278756136632202e-01
-4.804080117649155435e-01 3.075473273752099557e-01 5.112128986120419993e-01
-4.618759915927470594e-01 2.748753269574015223e-01 5.505716940954311633e-01
-4.401687297525506692e-01 3.072325093861373868e-01 5.979801567280380592e-01
-4.584505015532109873e-01 3.465790678638271394e-01 5.583229601048544932e-01
-4.804125616764723938e-01 3.136735429897887784e-01 5.110309487749264967e-01
-4.654692289705099073e-01 2.746027930941139505e-01 5.425396186178522706e-01
-4.401448580369002883e-01 3.009457260122109235e-01 5.980849840049140553e-01
-4.546809236244686581e-01 3.467454743425940622e-01 5.663219271214869899e-01
-4.804153324750944920e-01 3.203079812221172884e-01 5.110291876614965201e-01
-4.697776994299013853e-01 2.746672482660796888e-01 5.349294977890152181e-01
-4.401534156052762659e-01 2.942106383404370362e-01 5.980247615923817150e-01
-4.506485068053041054e-01 3.462934532726573700e-01 5.741312851645566928e-01
-4.804181041253680617e-01 3.269424554843057829e-01 5.110273396266459267e-01
-4.731556890184648312e-01 2.746826916903797322e-01 5.269580487261311674e-01
-4.401303191127322600e-01 2.879229234009824112e-01 5.981255363850020990e-01
-4.473016550430445881e-01 3.466717037773571763e-01 5.824832458474671348e-01
-4.804208765851702978e-01 3.335769655666847022e-01 5.110254088853253274e-01
-4.766090158223780238e-01 2.743638369750249217e-01 5.186222614688428267e-01
-4.401387029547720875e-01 2.811882986248158689e-01 5.980662592881003103e-01
-4.436147938578678396e-01 3.463166150397872789e-01 5.899307762381865716e-01
-4.804224334081490522e-01 3.399782792184324332e-01 5.111273064676551403e-01
-3.925442503495298330e-01 2.543532042160472906e-01 6.565841915473585866e-01
-3.500596584496378227e-01 2.541144018257728843e-01 7.466049940093582027e-01
-3.500447021166285255e-01 3.207112099987323717e-01 7.467239508331430242e-01
-3.925847529400967040e-01 3.205096755078757909e-01 6.565742102431540994e-01
-3.538435323826244483e-01 2.543150811079890050e-01 7.388324703182392872e-01
-3.500717940349495905e-01 3.145970381259184379e-01 7.466639458146382413e-01
-3.886414696641916078e-01 3.207486301984787125e-01 6.646493070166042960e-01
-3.925698876559930439e-01 2.600542526197562321e-01 6.565171940680714080e-01
-3.578043352699380453e-01 2.540706542509151844e-01 7.301872469226646789e-01
-3.500981655663405467e-01 3.084828452471610194e-01 7.466052917862906479e-01
-3.848926380316767815e-01 3.205787764105019755e-01 6.730540305862136030e-01
-3.925495039738591818e-01 2.661547923471957455e-01 6.565883082630243894e-01
-3.617714894782740331e-01 2.541428265577719836e-01 7.220779536601563686e-01
-3.501237914260457718e-01 3.023686328748304009e-01 7.465480363650831563e-01
-3.808724335792520455e-01 3.209962367564174190e-01 6.813948414547383869e-01
-3.925684009051904066e-01 2.725780132516038567e-01 6.565426491435337741e-01
-3.655038034765624722e-01 2.541108452385704153e-01 7.138584122984236169e-01
-3.500827173548297644e-01 2.965988447748200141e-01 7.466186580849459853e-01
-3.771694631145926513e-01 3.206412138011520696e-01 6.895313697779915652e-01
-3.925955721667346854e-01 2.782787280913007755e-01 6.564709827415436960e-01
-3.689996123774688663e-01 2.539747422668809929e-01 7.055323940100181046e-01
-3.501077957384605699e-01 2.904847449850885277e-01 7.465624643429054075e-01
-3.732193927376827869e-01 3.208785786630541925e-01 6.975938061769542120e-01
-3.925744156384696759e-01 2.843798359581866109e-01 6.565444783465912426e-01
-3.731435338950422897e-01 2.542639513538819118e-01 6.976759838753711085e-01
-3.501320746185697108e-01 2.843706287343021888e-01 7.465077711896728196e-01
-3.689683536177711942e-01 3.206351748532987322e-01 7.057015446977986661e-01
-3.925525183630613757e-01 2.904812776768266325e-01 6.566201204510175859e-01
-3.771475785034254513e-01 2.544225042837288120e-01 6.894853084578120850e-01
-3.500924997132160987e-01 2.786012597941259772e-01 7.465755473629093197e-01
-3.654772636630388427e-01 3.208032195520722496e-01 7.140128781715113782e-01
-3.925724750736475088e-01 2.969044718666240534e-01 6.565712923514878119e-01
-3.808602776941648060e-01 2.541308646638559265e-01 6.813226655121076281e-01
-3.500492780848634689e-01 2.721109094513646243e-01 7.466492300149828454e-01
-3.617500773193394470e-01 3.208408527585739911e-01 7.222178603885667236e-01
-3.926011516925577705e-01 3.026049178829285369e-01 6.564951265219935994e-01
-3.848863154119265273e-01 2.545190521870719369e-01 6.729661647555876813e-01
-3.500732462545707024e-01 2.659970514519923723e-01 7.465951955058910405e-01
-3.577884551790246337e-01 3.207480359350764476e-01 7.303127331073732131e-01
-3.925785468335849515e-01 3.087069407709563951e-01 6.565729527847643521e-01
-3.886523411295954578e-01 2.540777859235065494e-01 6.645095380284961051e-01
-3.500362837107428571e-01 2.602281466778960661e-01 7.466578777290990843e-01
-3.539019620156865220e-01 3.206147412913848971e-01 7.388081228029939052e-01
-3.925552621852633206e-01 3.148093050202411813e-01 6.566527456728719070e-01
-4.687871380392649723e-01 1.775942377483631374e-01 4.623299941753772346e-01
-4.369865332257225621e-01 1.777501490351948432e-01 5.309323620127494037e-01
-4.370110357400017742e-01 2.790849993223629699e-01 5.311201108960589279e-01
-4.688318581566537913e-01 2.791066258564187108e-01 4.624574012791037303e-01
-4.399041045285669860e-01 1.779469942345631439e-01 5.249425775703218111e-01
-4.370136669289134135e-01 2.693428206147641113e-01 5.310491270273610676e-01
-4.661115965506041348e-01 2.787411822393346394e-01 4.688363636033586190e-01
-4.687945233245983667e-01 1.870697266057586849e-01 4.623930162237568919e-01
-4.430261460151694863e-01 1.781142113662364801e-01 5.188150107767244279e-01
-4.370099534453237289e-01 2.603271279930750581e-01 5.310487133596867304e-01
-4.635036322102304984e-01 2.788286558880823662e-01 4.753130499143268795e-01
-4.687935244297172233e-01 1.960422494191308429e-01 4.623256121157083842e-01
-4.459721573260694849e-01 1.777664242276088269e-01 5.125819258994248617e-01
-4.370062649416984746e-01 2.513115366223251379e-01 5.310480307579943382e-01
-4.600161629311672051e-01 2.786376896775073497e-01 4.811985699241408954e-01
-4.688011959977180232e-01 2.055195632448085508e-01 4.623929846544675981e-01
-4.487298677396299729e-01 1.778453972023730789e-01 5.064872063634925370e-01
-4.370026024956430444e-01 2.422960489568237452e-01 5.310470676647733868e-01
-4.573302847345980804e-01 2.788066938992317390e-01 4.875321218903245768e-01
-4.687997799251640840e-01 2.144903058234071402e-01 4.623192087184312959e-01
-4.516631404372210001e-01 1.781346316511767391e-01 5.001990700924817679e-01
-4.369905168911275561e-01 2.330262143088261961e-01 5.311340557139966334e-01
-4.544420644876283610e-01 2.786715338956959331e-01 4.939866909479622148e-01
-4.688077264569713853e-01 2.239695250362134793e-01 4.623907576277785370e-01
-4.544044429244480376e-01 1.776525551152365878e-01 4.938773689893604102e-01
-4.370007031228878014e-01 2.235425234514836212e-01 5.309843140226790936e-01
-4.517010263243162460e-01 2.787046977283451632e-01 5.002517216326153315e-01
-4.688105310839352224e-01 2.327204741299129798e-01 4.623850802035644469e-01
-4.572918110033416528e-01 1.778514621450753286e-01 4.874945893978093747e-01
-4.369969457782231226e-01 2.145278977813220023e-01 5.309843866259400524e-01
-4.487715019235611336e-01 2.789004194352937560e-01 5.064447663515823095e-01
-4.688188553765772482e-01 2.422025885546491286e-01 4.624628924199435387e-01
-4.599784154793183921e-01 1.777685894547184620e-01 4.812045407834384947e-01
-4.369855913043256823e-01 2.052566763345400891e-01 5.310638140305552479e-01
-4.460102119252734032e-01 2.788078024662890564e-01 5.126267624376358301e-01
-4.688168533962275841e-01 2.511703983773980742e-01 4.623796461436326943e-01
-4.634693375562311535e-01 1.780122492105535581e-01 4.754090398280116370e-01
-4.369821599545694046e-01 1.962415538579828644e-01 5.310603574674873650e-01
-4.430660942157569893e-01 2.786414973978803555e-01 5.188275855645778645e-01
-4.688254216252849549e-01 2.606545947161205690e-01 4.624611459074110531e-01
-4.660816586072915046e-01 1.780760944564046822e-01 4.689820194734809489e-01
-4.369787627113552175e-01 1.872265621394147150e-01 5.310565341580818499e-01
-4.399451812489719726e-01 2.786473098762052847e-01 5.249460712036799759e-01
-4.688230582990080553e-01 2.696202952630541994e-01 4.623724027619510735e-01
-3.883364374891989379e-01 -2.269748431240116160e-01 6.105187571287865600e-01
-3.571498494209280339e-01 -2.272665335124586516e-01 6.778279142780704314e-01
-3.572167915479733669e-01 -1.293814624366541599e-01 6.778021119519657134e-01
-3.883601396625480651e-01 -1.287774621753138005e-01 6.106107355299902339e-01
-3.598242921248397397e-01 -2.273337746737505438e-01 6.711886651313747620e-01
-3.572093754687797329e-01 -1.382501886565488947e-01 6.778078668058677980e-01
-3.857460098590839159e-01 -1.291707886719448972e-01 6.172446173047220208e-01
-3.883288229344981635e-01 -2.179402180979847226e-01 6.105640733582815560e-01
-3.626188740886313044e-01 -2.274725464706865985e-01 6.653153050658742185e-01
-3.572013758584317022e-01 -1.471187758861118577e-01 6.778150780652022478e-01
-3.825873941560417602e-01 -1.290666767534563719e-01 6.231309690447579541e-01
-3.883472485684943964e-01 -2.092042238723637593e-01 6.105108345880499998e-01
-3.658792941317600689e-01 -2.272304319121282723e-01 6.591375551376904562e-01
-3.571928076015678521e-01 -1.559872271275605238e-01 6.778237085243314919e-01
-3.798014817961021250e-01 -1.289580396467533419e-01 6.288258190789329793e-01
-3.883401234054571494e-01 -2.001689726289066773e-01 6.105543407034904613e-01
-3.684088089461104443e-01 -2.272700570468811077e-01 6.531843382343427429e-01
-3.571836863804312978e-01 -1.648555452254712450e-01 6.778337189927021722e-01
-3.772745409705712261e-01 -1.288781900355288612e-01 6.351255308713428249e-01
-3.883572241534624103e-01 -1.914332651149695252e-01 6.105060309252191564e-01
-3.713425604625827381e-01 -2.273111832279991196e-01 6.470531453152873480e-01
-3.571740286015668286e-01 -1.737237328618515819e-01 6.778450684777225232e-01
-3.745758902463712237e-01 -1.291614861654682977e-01 6.414710131191064812e-01
-3.883506025285073382e-01 -1.823973948086478891e-01 6.105476745871107891e-01
-3.745974998853365823e-01 -2.273146163423199750e-01 6.412452471380722940e-01
-3.572005411918011131e-01 -1.829288703868659216e-01 6.777650663770067307e-01
-3.714080977679772855e-01 -1.292890460961637344e-01 6.470144676367770575e-01
-3.883447232483966949e-01 -1.733609898294041773e-01 6.105864938330769487e-01
-3.772486302495059451e-01 -2.272513174794361379e-01 6.350449496792481829e-01
-3.571914006809395192e-01 -1.917966536899705920e-01 6.777751467312420619e-01
-3.684524614864415071e-01 -1.291221632825381993e-01 6.532120419236296938e-01
-3.883602051602451644e-01 -1.646254470419268590e-01 6.105442813659113233e-01
-3.797555701745312651e-01 -2.271386491548144093e-01 6.288112699677211870e-01
-3.571817432051533903e-01 -2.006643095127798593e-01 6.777865167757017861e-01
-3.658803558984423665e-01 -1.293370547605862952e-01 6.592843731342796776e-01
-3.883548702018734811e-01 -1.555884511196750086e-01 6.105810853780823111e-01
-3.825617739869837108e-01 -2.273821921144479619e-01 6.230480990741477099e-01
-3.571715865965653935e-01 -2.095318400827718142e-01 6.777991319569227624e-01
-3.626410802719913784e-01 -1.291082663626504923e-01 6.654034922739660018e-01
-3.883688801583740080e-01 -1.468530867705691856e-01 6.105443525215908940e-01
-3.857037524571347853e-01 -2.273126750977978450e-01 6.172206342363613096e-01
-3.571609491241468648e-01 -2.183992474551197938e-01 6.778129466376024981e-01
-3.598298349759098680e-01 -1.288805151400239657e-01 6.713197336614520339e-01
-3.883641022644235830e-01 -1.378155091347957883e-01 6.105790940837239056e-01
-2.874547316155017240e-01 -2.562195472734501434e-01 7.427475213036484059e-01
-2.472219310673131609e-01 -2.563556288134283268e-01 8.296114871706804506e-01
-2.472319202128442361e-01 -2.057723228261740533e-01 8.296563752897500033e-01
-2.874183569041001141e-01 -2.060003422183689925e-01 7.428716840820419609e-01
-2.505626168019156053e-01 -2.563933380477832480e-01 8.215918501765100412e-01
-2.472218817350997078e-01 -2.107882436130927017e-01 8.296634422337685333e-01
-2.837578685956831381e-01 -2.056781408173222470e-01 7.506761004117058489e-01
-2.874643847257923324e-01 -2.517227399745713412e-01 7.427357630362063645e-01
-2.539074292817989353e-01 -2.563652227758246305e-01 8.138209260381675803e-01
-2.471822476153298642e-01 -2.151042799390702476e-01 8.297089558452352964e-01
-2.798501230452500876e-01 -2.055938662532584282e-01 7.584489842405998106e-01
-2.874738123286997293e-01 -2.472258472147520481e-01 7.427244010370724903e-01
-2.578188247696571733e-01 -2.563590158136889730e-01 8.058203691510354982e-01
-2.472341638618796300e-01 -2.198475983560383706e-01 8.296374891490878589e-01
-2.759737956296291483e-01 -2.061633876963589185e-01 7.665573161319870765e-01
-2.874830088314446197e-01 -2.427288695315813760e-01 7.427134451544473714e-01
-2.617317549883778627e-01 -2.562861414164396279e-01 7.980862986296985984e-01
-2.471935214485454502e-01 -2.241632186702041118e-01 8.296843011105070609e-01
-2.725885662941373022e-01 -2.060369482866469537e-01 7.744339248721368030e-01
-2.874196522533613019e-01 -2.378558833237408854e-01 7.428315057662492338e-01
-2.654666147226991679e-01 -2.561090302751866665e-01 7.901858464354759581e-01
-2.472474175364892113e-01 -2.289070585091511900e-01 8.296102945966912223e-01
-2.690269050905141346e-01 -2.058301670037229469e-01 7.821680252328275795e-01
-2.874294203116198876e-01 -2.333589022098605525e-01 7.428195581013670168e-01
-2.690394864758052229e-01 -2.565244709338422857e-01 7.820902151699606897e-01
-2.472057899697286953e-01 -2.332222577545319253e-01 8.296583751713121346e-01
-2.655552274570673887e-01 -2.059804405775923219e-01 7.901125818742126272e-01
-2.874389566183689348e-01 -2.288618359793142543e-01 7.428080178542075807e-01
-2.726146374907328918e-01 -2.561838469752235059e-01 7.743347547220613691e-01
-2.471945859422992331e-01 -2.382374422561200911e-01 8.296669209181622984e-01
-2.617653045971994885e-01 -2.059401926822433948e-01 7.980960092015768614e-01
-2.874482556067883832e-01 -2.243646852221313492e-01 7.427968948267171800e-01
-2.759467912336869277e-01 -2.560465762903136322e-01 7.665427443533466834e-01
-2.471509767099319688e-01 -2.425518212035885635e-01 8.297174741477532089e-01
-2.578759544947945015e-01 -2.062210974477746983e-01 8.057981957712695431e-01
-2.874573117369570996e-01 -2.198674505595132334e-01 7.427861987742032657e-01
-2.798550938871670057e-01 -2.563020398706789549e-01 7.583811773916369070e-01
-2.472078060049154313e-01 -2.472964742817788941e-01 8.296397824449770475e-01
-2.539560825368643582e-01 -2.057513072424055622e-01 8.138129575985787456e-01
-2.874661195015055792e-01 -2.153701326439817210e-01 7.427759393954115330e-01
-2.837103204024111203e-01 -2.561208631292959392e-01 7.506981808310364546e-01
-2.471632892271427850e-01 -2.516104157393566076e-01 8.296915055640877723e-01
-2.506395936798305191e-01 -2.060006953585353795e-01 8.215482442334066659e-01
-2.874089155455876732e-01 -2.104976712084349610e-01 7.428830445791633208e-01
-2.002782280721630281e-01 2.225456599024219217e-01 9.189628266025541281e-01
-1.569299415145869736e-01 2.225226477420873261e-01 1.012121388430076152e+00
-1.568842555884333578e-01 3.047127233805463908e-01 1.012242978650406133e+00
-2.003772560506985323e-01 3.050120178755363898e-01 9.189699435580939157e-01
-1.616262562304911499e-01 2.227658446085120370e-01 1.003745186201872919e+00
-1.569617027642423723e-01 2.974340016570596323e-01 1.012194137392385507e+00
-1.966872478642068267e-01 3.050934352947881623e-01 9.275832788738073154e-01
-2.002570927774228460e-01 2.299725753736444889e-01 9.189898006218910620e-01
-1.651037102198981421e-01 2.223110605285913144e-01 9.953468133519426386e-01
-1.568581294689931627e-01 2.895842748163233171e-01 1.012238502130452078e+00
-1.928282049269245957e-01 3.050219347589701591e-01 9.358813936218837171e-01
-2.003002605327904584e-01 2.371790720728502444e-01 9.189601912907375825e-01
-1.686379748636144260e-01 2.222717126636010176e-01 9.867244327579780538e-01
-1.569333883804300833e-01 2.823038858331600176e-01 1.012190806377658570e+00
-1.889353112002580548e-01 3.050187933256260364e-01 9.445244666443605164e-01
-2.002786607941568764e-01 2.446059832780874688e-01 9.189875795401686309e-01
-1.731071091506778126e-01 2.222926890001925837e-01 9.783992725116616995e-01
-1.568336524365470108e-01 2.744578340670570382e-01 1.012233167912886866e+00
-1.847965984274480833e-01 3.050493704590535038e-01 9.528800733651083821e-01
-2.003897819417794213e-01 2.525239420551099179e-01 9.188991603662111096e-01
-1.764790055432908789e-01 2.221899725746220855e-01 9.698491356958106602e-01
-1.568438038624466735e-01 2.673435969334933549e-01 1.012219433738060115e+00
-1.807574845246365525e-01 3.047369148774906611e-01 9.614035861442080666e-01
-2.003690690158710652e-01 2.599516510209691211e-01 9.189257956260598048e-01
-1.806455174824676269e-01 2.223490654541980804e-01 9.613877213899449936e-01
-1.569152067387153404e-01 2.600604744589157802e-01 1.012173743335768927e+00
-1.764894845664311818e-01 3.046411969948158993e-01 9.699379084652496319e-01
-2.003473676884799659e-01 2.673789357581197179e-01 9.189532915286465764e-01
-1.847173927051756759e-01 2.223903200553676018e-01 9.528435396418384329e-01
-1.568212094497945519e-01 2.522193991348554154e-01 1.012213122329097548e+00
-1.730545064789640597e-01 3.046215049390257890e-01 9.785294499241818933e-01
-2.003247187326064604e-01 2.748057857839123486e-01 9.189816124754539572e-01
-1.889144329458473104e-01 2.228183334409894745e-01 9.444461498511469433e-01
-1.568901172196337790e-01 2.449346942157897555e-01 1.012168737742650704e+00
-1.687310893704990211e-01 3.049216560883424298e-01 9.867642373089923202e-01
-2.003011628860210391e-01 2.822321917622857002e-01 9.190107229039972125e-01
-1.928107968259134275e-01 2.226198398023886971e-01 9.358010649045384044e-01
-1.569559073060674825e-01 2.376479600641860090e-01 1.012125930215965974e+00
-1.651610855837763459e-01 3.047543250223532230e-01 9.954106956752249991e-01
-2.002767407576074854e-01 2.896581454769440733e-01 9.190405873693239247e-01
-1.966593502790534298e-01 2.225277050724355776e-01 9.275124567298764777e-01
-1.568669140641640869e-01 2.298108610346590308e-01 1.012162751259860105e+00
-1.616250507652921831e-01 3.051555804990044307e-01 1.003843519619645797e+00
-2.002514927389401622e-01 2.970836398020179625e-01 9.190711706209406806e-01
-2.809624549847959951e-01 1.368568465723519860e-02 5.608150606456263620e-01
-2.537987971943462262e-01 1.355526821383269860e-02 6.190174934043128907e-01
-2.538050991145741064e-01 1.103413699594697345e-01 6.191067900330922136e-01
-2.809841350339974397e-01 1.105297347346667486e-01 5.608628100800656657e-01
-2.564345097396977802e-01 1.355092453727710713e-02 6.134830405167044365e-01
-2.537938584425233346e-01 1.017900512255035805e-01 6.191260133772128471e-01
-2.785364012788591470e-01 1.104771948735410875e-01 5.661622923755146308e-01
-2.809678347256245878e-01 2.235768435087679903e-02 5.608077983441801528e-01
-2.587258304716205659e-01 1.354761031870806327e-02 6.087760602425198453e-01
-2.538131066830638383e-01 9.288648650212036340e-02 6.190674277182236507e-01
-2.759888954302877062e-01 1.104026939293307891e-01 5.714530788407572448e-01
-2.809686750732418581e-01 3.141044074694216565e-02 5.608162722710946513e-01
-2.611797029176445295e-01 1.384322059531341645e-02 6.031845586272226445e-01
-2.538027372712785001e-01 8.433546966108335097e-02 6.190844679627264258e-01
-2.738302594820390401e-01 1.106089675942189543e-01 5.764544774067742461e-01
-2.809607259329914286e-01 4.018332799878825135e-02 5.608541248018916736e-01
-2.635297778244106714e-01 1.383357329484131461e-02 5.975785239269723048e-01
-2.538176723032102289e-01 7.543251486423097063e-02 6.190368062532652926e-01
-2.710901884603033052e-01 1.104937069929476517e-01 5.817237631315247404e-01
-2.809707023862823005e-01 4.885558656332250616e-02 5.608312361431121440e-01
-2.660678302541794049e-01 1.382840695748314801e-02 5.925903654429962586e-01
-2.537896001899281884e-01 6.657262298646786369e-02 6.190983834797890717e-01
-2.690306835760470361e-01 1.104201586731791834e-01 5.873984467466755177e-01
-2.809692930753453499e-01 5.790907621187394577e-02 5.608473944205080164e-01
-2.690042778022310732e-01 1.382511231687439529e-02 5.873637820635503326e-01
-2.538024890352103546e-01 5.767015949680345116e-02 6.190560722710222175e-01
-2.660892717404886865e-01 1.102596066824692717e-01 5.926394715920492162e-01
-2.809839810763394841e-01 6.658111533595301168e-02 5.608080730649422918e-01
-2.710677838488826930e-01 1.373372965135294735e-02 5.816779047916078582e-01
-2.538116715386820044e-01 4.876800237850373310e-02 6.190230547689227203e-01
-2.635352325117920613e-01 1.107577127841793824e-01 5.976731313680326840e-01
-2.809687161224014296e-01 7.535561106591301406e-02 5.608712729045184364e-01
-2.738034934474999904e-01 1.372339209642899419e-02 5.764223500196253847e-01
-2.538045337902158360e-01 4.021770288974532009e-02 6.190319073912859960e-01
-2.611808117842199239e-01 1.106156460607810171e-01 6.032899997802091407e-01
-2.809864666396699739e-01 8.402751289581691929e-02 5.608215008457552164e-01
-2.759757049465642043e-01 1.371017697475017394e-02 5.713781150487950988e-01
-2.538002454507585215e-01 3.100658298325666487e-02 6.190327627867434623e-01
-2.587540304166996985e-01 1.107531004773255334e-01 6.088088508621198880e-01
-2.809842057762170220e-01 9.308185564891635622e-02 5.608406328393615858e-01
-2.785188064153261700e-01 1.369831750305709056e-02 5.661010552563108256e-01
-2.537963710513876925e-01 2.245654763406838145e-02 6.190332263710336402e-01
-2.564458869201177160e-01 1.105493117759610566e-01 6.135600410511951042e-01
-2.809621259793586012e-01 1.018581479138042367e-01 5.609270551517289150e-01
-1.382455356074540065e-01 -2.407674584881972779e-01 7.849291039988151031e-01
-9.842684092473132085e-02 -2.404221269198796862e-01 8.710665941162339942e-01
-9.834879382221646538e-02 -1.693077541056650093e-01 8.712114289720034321e-01
-1.382451381371924137e-01 -1.693023117323799731e-01 7.849958127907599170e-01
-1.019115356684107271e-01 -2.406848366120184768e-01 8.631342193141982033e-01
-9.843605341896083383e-02 -1.759680711115218232e-01 8.711207102131244273e-01
-1.347557229670732493e-01 -1.695762973199048396e-01 7.926011496075685558e-01
-1.381720093349026179e-01 -2.339268401480173454e-01 7.850335863027254613e-01
-1.052130495364462098e-01 -2.403728564076064445e-01 8.554056343772535875e-01
-9.840325418322594386e-02 -1.821702920410756821e-01 8.711463148001256096e-01
-1.311993034637380928e-01 -1.691336272071465585e-01 8.004730219475325592e-01
-1.381431480974121551e-01 -2.277403107450672870e-01 7.850778213979162645e-01
-1.094007932111107639e-01 -2.405801355835608668e-01 8.475796758509793749e-01
-9.843504959919466279e-02 -1.890313211874122545e-01 8.711089085576089186e-01
-1.276413271053188081e-01 -1.692732761682732012e-01 8.084901448054376827e-01
-1.381909284875085520e-01 -2.213130769613733395e-01 7.850200276962765455e-01
-1.126254230131658873e-01 -2.407166536357913944e-01 8.396025137449958375e-01
-9.840054132378550644e-02 -1.952325114544910534e-01 8.711361632728392701e-01
-1.240163725222526853e-01 -1.691053440411865449e-01 8.162216460412660135e-01
-1.382368200182640117e-01 -2.148849537743812432e-01 7.849647152907477388e-01
-1.164339929611065277e-01 -2.404566444777598011e-01 8.318490764879795663e-01
-9.843411201708186786e-02 -2.020941483501006719e-01 8.710970433810842906e-01
-1.202843403803491584e-01 -1.690996786694285159e-01 8.241884317937081539e-01
-1.381688595688276289e-01 -2.080462560730639565e-01 7.850617709897887986e-01
-1.203480282312899274e-01 -2.405435253111458394e-01 8.240468839168890725e-01
-9.846489176950389000e-02 -2.080987057200976154e-01 8.710614437143573419e-01
-1.165327822027140553e-01 -1.694488684016561553e-01 8.318050104505703146e-01
-1.382132517096825164e-01 -2.016173763177379619e-01 7.850084768594474127e-01
-1.241341266496735485e-01 -2.405135028058678071e-01 8.160135606336339498e-01
-9.856977131958805094e-02 -2.147668922295399574e-01 8.709535427692268739e-01
-1.125630990925681196e-01 -1.695135134866710414e-01 8.397387613216410474e-01
-1.381866074678313183e-01 -1.954312341212013915e-01 7.850497766121029564e-01
-1.278123197240036701e-01 -2.406062948399321499e-01 8.082129647832900776e-01
-9.846540530942539393e-02 -2.211616900702172150e-01 8.710481783962755742e-01
-1.093919671178713027e-01 -1.693994515615455665e-01 8.476574146780619934e-01
-1.382285592999379087e-01 -1.890013079746909463e-01 7.849997214219009978e-01
-1.313615176401809748e-01 -2.405902352375649533e-01 8.002010569773598814e-01
-9.857458101343394286e-02 -2.278322246439185850e-01 8.709361324328805942e-01
-1.052445591346118925e-01 -1.693021319325951901e-01 8.554417941168912520e-01
-1.381669251619041250e-01 -1.821644160775257593e-01 7.850883358622532393e-01
-1.348099567272031118e-01 -2.407180879720370870e-01 7.924644689996972469e-01
-9.846590097291808841e-02 -2.342242757183842228e-01 8.710349307129138241e-01
-1.018503622732397501e-01 -1.692442997092742651e-01 8.632646573189436401e-01
-1.382071980601189964e-01 -1.757337652509327053e-01 7.850405392322120646e-01
-2.406628705480201580e-01 9.143563393420654772e-02 5.131772057756781580e-01
-1.990961813325381191e-01 9.153637382846940840e-02 6.032319425015814085e-01
-1.990659825402198435e-01 1.630449619740720335e-01 6.033696990590406983e-01
-2.406611406022200195e-01 1.628754391481274377e-01 5.132612664318764173e-01
-2.028275760726559462e-01 9.172104571688785568e-02 5.948652335504450717e-01
-1.990718958717074827e-01 1.563696862518557384e-01 6.033493237521461161e-01
-2.367770248165583791e-01 1.627441899995483998e-01 5.215505794202246470e-01
-2.406573726180501471e-01 9.819662830035694179e-02 5.132051501027290463e-01
-2.066178198497293783e-01 9.155659157500514733e-02 5.869760883492486370e-01
-1.990773960972767598e-01 1.496945529718959333e-01 6.033299508115469445e-01
-2.330142917231023680e-01 1.629338741175354044e-01 5.297989078172445909e-01
-2.406604439820176078e-01 1.043193865272084436e-01 5.132002878806969370e-01
-2.102194654180556121e-01 9.134929505453474874e-02 5.790435260057776867e-01
-1.990773666089658833e-01 1.436570599630606071e-01 6.033245897284215120e-01
-2.291027978777167851e-01 1.629247871239763168e-01 5.377815884383858602e-01
-2.406539753236307810e-01 1.110809176807070475e-01 5.132318705200814568e-01
-2.140725440184868267e-01 9.146738796275147299e-02 5.709213570286139072e-01
-1.990822174141225476e-01 1.369821794259618308e-01 6.033067941870321471e-01
-2.256048461954573425e-01 1.630453547419136451e-01 5.464309286971114066e-01
-2.406786980808000576e-01 1.174565614858095880e-01 5.131459933450761568e-01
-2.177730245174429868e-01 9.147147208101216731e-02 5.626057109284298141e-01
-1.990866125440409751e-01 1.303074369720837178e-01 6.032901043586621492e-01
-2.216810019604787407e-01 1.629125509441511077e-01 5.541868640566232074e-01
-2.406497614388081741e-01 1.239659508183267173e-01 5.132616576761207527e-01
-2.216585380058288535e-01 9.152166987942543519e-02 5.541851905701618008e-01
-1.990453499861710995e-01 1.239698718947556538e-01 6.033845906739807585e-01
-2.177701513358876184e-01 1.631423940863083177e-01 5.626823319174381055e-01
-2.406766462377518956e-01 1.303409401948249779e-01 5.131676984053313850e-01
-2.255956340665444537e-01 9.157571884957561859e-02 5.463889753486834699e-01
-1.990897696100849268e-01 1.175957549373811001e-01 6.032709914367865300e-01
-2.140485816304436295e-01 1.630358634341774748e-01 5.710551805145487325e-01
-2.406694175585121498e-01 1.371032206646703167e-01 5.132022020758046921e-01
-2.290844302739520055e-01 9.144922156406321001e-02 5.377696341848674511e-01
-1.990929555390877070e-01 1.109213901347810283e-01 6.032572375435066858e-01
-2.102113604734036356e-01 1.627753039797493473e-01 5.791315072688035803e-01
-2.406737520215198878e-01 1.432260407370908317e-01 5.131925658673013313e-01
-2.330350896652374493e-01 9.169802856450552653e-02 5.296547544713051670e-01
-1.990568475391410741e-01 1.045837834851158915e-01 6.033392392914281865e-01
-2.065938971888867937e-01 1.628233108599676793e-01 5.871035057944525848e-01
-2.406656484724981337e-01 1.499889351122609960e-01 5.132303473344448363e-01
-2.367665513058312687e-01 9.126557319917667777e-02 5.215125932619035787e-01
-1.990612985648186894e-01 9.790955000884353499e-02 6.033224335292562968e-01
-2.028354319834578534e-01 1.630904886605303861e-01 5.949102988788721458e-01
-2.406568730622015151e-01 1.567522800824345253e-01 5.132706295774182026e-01
-1.483115535937581664e-01 -2.037452879926155702e-01 6.901344604982149189e-01
-1.067112210192422972e-01 -2.038913247155211272e-01 7.785956643863704008e-01
-1.066925059721709063e-01 -1.463429825789284155e-01 7.786706711645274837e-01
-1.483635797529312406e-01 -1.463181942717433903e-01 6.900905789240903143e-01
-1.109627053109784323e-01 -2.040140974552793474e-01 7.702596068219962344e-01
-1.066677836715611560e-01 -1.511114492034763557e-01 7.786994265297862983e-01
-1.444425853868071263e-01 -1.459376085016791391e-01 6.979036424405267169e-01
-1.483589201599852803e-01 -1.987424650465393905e-01 6.900546749526024204e-01
-1.142926631702411849e-01 -2.037825548450415969e-01 7.625081208143257294e-01
-1.066785038554567133e-01 -1.565169334766351450e-01 7.786804540221879956e-01
-1.405079369186474914e-01 -1.461478388295145148e-01 7.060598297088895858e-01
-1.483168617042718018e-01 -1.933881533572616163e-01 6.901337747789160204e-01
-1.183641156690450336e-01 -2.037204902971286036e-01 7.541713007733488183e-01
-1.066898685591230467e-01 -1.619225240070366889e-01 7.786606208305218990e-01
-1.371796828315781092e-01 -1.463726644992592307e-01 7.143619272506397389e-01
-1.482764727604931054e-01 -1.880340195685840932e-01 6.902098575453324836e-01
-1.216573460308126436e-01 -2.037229097203119010e-01 7.463109943062895546e-01
-1.067018565957756904e-01 -1.673282262213960925e-01 7.786399552145577552e-01
-1.328609117414739915e-01 -1.460817038837516901e-01 7.223513958138347846e-01
-1.483925010053092908e-01 -1.827474023671327163e-01 6.900085559143471770e-01
-1.254823853150618396e-01 -2.037302735937013276e-01 7.381405471600337442e-01
-1.066746862847030020e-01 -1.720957389519463809e-01 7.786719727054007834e-01
-1.292403876927332163e-01 -1.461709640703541813e-01 7.303490597514288307e-01
-1.483524321985514316e-01 -1.773932324383043213e-01 6.900841724809528843e-01
-1.292821212323608804e-01 -2.036651083692004316e-01 7.302351627137718681e-01
-1.066868932978068396e-01 -1.775013777454509944e-01 7.786510201423554323e-01
-1.254816734880970786e-01 -1.461963397907822537e-01 7.381906495595966788e-01
-1.483946433774287199e-01 -1.723892139362735165e-01 6.900134771893655650e-01
-1.328666011292353732e-01 -2.037684587435480976e-01 7.222934414943107395e-01
-1.066996835045483927e-01 -1.829071374135473604e-01 7.786292886079255737e-01
-1.216834504085651941e-01 -1.461724879268307964e-01 7.463215467357762201e-01
-1.483563136224530787e-01 -1.670351721010975010e-01 6.900860144132056062e-01
-1.371441198943109951e-01 -2.036313070493508404e-01 7.143718382524010257e-01
-1.067130350508480319e-01 -1.883130221369246626e-01 7.786068072564612530e-01
-1.183799187682765264e-01 -1.464081014461909303e-01 7.541977270228914509e-01
-1.483965461091552307e-01 -1.620307479927410033e-01 6.900188232383437370e-01
-1.405341748152998949e-01 -2.039164647648540052e-01 7.059668834688903605e-01
-1.066836200019577047e-01 -1.930795371964688922e-01 7.786418161632046031e-01
-1.143982397093630393e-01 -1.462638830726207539e-01 7.624094559999090581e-01
-1.483600347776189710e-01 -1.566768257109858453e-01 6.900881404944793074e-01
-1.444277954324839908e-01 -2.038582933518856277e-01 6.978804064812077490e-01
-1.066971602852350431e-01 -1.984853650197790087e-01 7.786190879553885891e-01
-1.109289183650589566e-01 -1.463750752497099683e-01 7.703558141132144099e-01
-1.483254792200460748e-01 -1.513230567674217208e-01 6.901539306472419533e-01
-1.456612445131172384e-01 1.605903642408844922e-01 5.922567367774506097e-01
-1.147087536521130824e-01 1.608706253790555818e-01 6.592666999989278409e-01
-1.147467548020737332e-01 2.596965625302343761e-01 6.592684745879134889e-01
-1.456788204589150315e-01 2.594617114939688496e-01 5.922886980136948809e-01
-1.175193429963404534e-01 1.607732308853956071e-01 6.531132908501617873e-01
-1.146342515171074466e-01 2.507903691014966574e-01 6.594718140335026346e-01
-1.431190108528850313e-01 2.596782869249864567e-01 5.985670154871819415e-01
-1.456569190546482540e-01 1.694951038605204130e-01 5.922732636963560227e-01
-1.203786652953976188e-01 1.606662961693773872e-01 6.474167160626023154e-01
-1.146186868237235867e-01 2.416069905937702211e-01 6.594940734855535558e-01
-1.401724930187618900e-01 2.594545226555886042e-01 6.045099002347699146e-01
-1.457202245512460304e-01 1.786940774974782598e-01 5.921337037982361551e-01
-1.230997655851287925e-01 1.608095139628461512e-01 6.409882608445717223e-01
-1.147092713619539822e-01 2.327614828335406172e-01 6.593186155882836408e-01
-1.374211982313586766e-01 2.595333996990137337e-01 6.107102961845444211e-01
-1.457176095652833181e-01 1.875990601414736780e-01 5.921462877818698400e-01
-1.257976381275408562e-01 1.606195432003742762e-01 6.351836535331651934e-01
-1.146929865005244104e-01 2.235783354346098373e-01 6.593422432818840662e-01
-1.344800772488823348e-01 2.598502824164364844e-01 6.170661903465975984e-01
-1.456366746331521633e-01 1.968256933078728066e-01 5.923400825882084719e-01
-1.288886152092370840e-01 1.607357227024159008e-01 6.292441242974284865e-01
-1.145901410465525877e-01 2.146748423718702892e-01 6.595274362697916004e-01
-1.313515875067808314e-01 2.597247108857888009e-01 6.226961390429208709e-01
-1.456311264756176005e-01 2.057312937947140818e-01 5.923594347311377240e-01
-1.313405219084133879e-01 1.607422468101620538e-01 6.226469953341388086e-01
-1.146758700518842183e-01 2.058289541502933695e-01 6.593611117288601386e-01
-1.290066079057870518e-01 2.597328839804098899e-01 6.290749122130246951e-01
-1.456253812787934310e-01 2.146371037186869668e-01 5.923792423281021291e-01
-1.344727863145633029e-01 1.605145865008275885e-01 6.170090561599802514e-01
-1.146616103229622929e-01 1.966467277160299787e-01 6.593809461466469957e-01
-1.257849739978514902e-01 2.598314786413517541e-01 6.352816488311012755e-01
-1.456977545973713317e-01 2.238362643994329382e-01 5.922187883198507530e-01
-1.373553043356778858e-01 1.608197797415988339e-01 6.107812317892551413e-01
-1.146482897775398108e-01 1.874648298759064857e-01 6.593990208576061551e-01
-1.230866408921235805e-01 2.596432205628303458e-01 6.410864970643891381e-01
-1.456933671927635177e-01 2.327423124801484555e-01 5.922354661491409100e-01
-1.402078784688206570e-01 1.607685502975171044e-01 6.043591536335102266e-01
-1.147254927021820886e-01 1.786180583874169281e-01 6.592485205034472884e-01
-1.203783619184824877e-01 2.597323241136060279e-01 6.474899859335679908e-01
-1.456887341903334299e-01 2.416485695965540914e-01 5.922527113343462046e-01
-1.430020425193307132e-01 1.607326314130006206e-01 5.987589887360890151e-01
-1.146362548745177290e-01 1.697176357747835762e-01 6.594083790163709491e-01
-1.174198350816235553e-01 2.596939752711760474e-01 6.533750158846054479e-01
-1.456838780346266793e-01 2.505550359152839413e-01 5.922704720246765309e-01
-4.833908347370025060e-02 -1.626761282374553086e-01 7.810480201285489033e-01
-7.858694045267292788e-03 -1.630110919374824774e-01 8.677424442384511494e-01
-7.826848928468996963e-03 -1.006002004352060941e-01 8.678265854355616815e-01
-4.842110963416837444e-02 -1.007496005121368554e-01 7.809920257460279958e-01
-1.195644143697816367e-02 -1.627576104101899068e-01 8.600234165866409430e-01
-7.772720999145400420e-03 -1.060291662295728965e-01 8.678716338477813208e-01
-4.498682262969944806e-02 -1.008588773774167086e-01 7.887897797947187595e-01
-4.838256386437191775e-02 -1.570836685932737731e-01 7.809968911678620840e-01
-1.535238653833776064e-02 -1.627298842506388898e-01 8.521671219752771087e-01
-7.821745226585128871e-03 -1.119068976506681912e-01 8.678213544771398169e-01
-4.140873388155993928e-02 -1.005154072389763259e-01 7.968471410838815494e-01
-4.842383317931193282e-02 -1.514903002703464063e-01 7.809485571687563299e-01
-1.943438587028951600e-02 -1.629117415992803186e-01 8.443049105749920180e-01
-7.875240376238398440e-03 -1.177860130145941819e-01 8.677669018936664536e-01
-3.777878331236232679e-02 -1.007347356196057753e-01 8.046182534009863607e-01
-4.846278858843987986e-02 -1.458960472094846250e-01 7.809031485535173900e-01
-2.265063949899791609e-02 -1.628738929452432094e-01 8.362043823748430693e-01
-7.815457866219181066e-03 -1.232128877150734242e-01 8.678172115032279921e-01
-3.413394155205243252e-02 -1.006999391498090007e-01 8.124555931806486386e-01
-4.838951256632816750e-02 -1.398956231339130718e-01 7.810015587757679345e-01
-2.643309957396782275e-02 -1.626069159326216096e-01 8.285732105192963326e-01
-7.872942734829895678e-03 -1.290933227273826922e-01 8.677590973995383816e-01
-3.038044113744002572e-02 -1.008140333154788765e-01 8.204380437323903763e-01
-4.836703385351098783e-02 -1.345134737813916403e-01 7.810345151445826639e-01
-3.026505196558909247e-02 -1.627009948547030183e-01 8.205155435565529842e-01
-7.808069236652275848e-03 -1.345181300585426287e-01 8.678140808140231144e-01
-2.646910610627034588e-02 -1.004471563565421249e-01 8.285861280196455958e-01
-4.840435034388659852e-02 -1.289184774317892745e-01 7.809912493410513523e-01
-3.404520504532851377e-02 -1.627048770235584030e-01 8.125067000122397909e-01
-7.869364303483969078e-03 -1.403999670909086006e-01 8.677524700119860768e-01
-2.256017874636369325e-02 -1.004501750410002614e-01 8.363519179796500280e-01
-4.843910561318858637e-02 -1.233226634981963998e-01 7.809512239780344034e-01
-3.777695714864565124e-02 -1.626195111597162346e-01 8.045702832043997166e-01
-7.799665807553266342e-03 -1.458225901143795356e-01 8.678118829599679174e-01
-1.937893937003419900e-02 -1.006606945617266463e-01 8.444142954648881094e-01
-4.847120293419285991e-02 -1.177260655623683511e-01 7.809145617884706292e-01
-4.139592314357671415e-02 -1.626473664017256682e-01 7.968127910197279062e-01
-7.864586283167895181e-03 -1.517059026359280083e-01 8.677469451090845665e-01
-1.534315863125825137e-02 -1.005506232362177177e-01 8.522296848914446832e-01
-4.840954817303941282e-02 -1.117284696632386970e-01 7.809981538141967938e-01
-4.492358084476697627e-02 -1.625963506643252066e-01 7.888194705548005059e-01
-7.790336682814295692e-03 -1.571262393264864776e-01 8.678105360705289373e-01
-1.203268349683770180e-02 -1.006510144408794688e-01 8.600048178484328565e-01
-4.839092312565889537e-02 -1.063468619134049914e-01 7.810261958774753488e-01
-1.623980749990383277e-01 2.391833354816551294e-02 4.906058995760103070e-01
-1.304711374715810113e-01 2.404677142166712633e-02 5.599535985964693152e-01
-1.304747521463057447e-01 1.254669675281296914e-01 5.600112247504488439e-01
-1.624215895366515894e-01 1.254916387693680024e-01 4.906004419449458420e-01
-1.334070469488898014e-01 2.370443660232323876e-02 5.535313656871043708e-01
-1.304819671858895858e-01 1.164610865525940592e-01 5.599875332979210585e-01
-1.595124061479149535e-01 1.254753844148608632e-01 4.971239987883938616e-01
-1.623908743198544946e-01 3.298368064301656494e-02 4.906354937906445834e-01
-1.362333198520786492e-01 2.395707604490890028e-02 5.470930716047127662e-01
-1.304950364298062271e-01 1.068519799979545243e-01 5.599490043981116827e-01
-1.565657440202731787e-01 1.253005184460471433e-01 5.033834805438980320e-01
-1.623912635473782340e-01 4.229432258817064638e-02 4.906407441218615939e-01
-1.391155410605238452e-01 2.394051173090552473e-02 5.413350893632292715e-01
-1.304995887676157207e-01 9.784669947498166043e-02 5.599318640028070337e-01
-1.538520351328437341e-01 1.254595369750567679e-01 5.095588886900090930e-01
-1.623919205177864755e-01 5.160514771181611005e-02 4.906451240871935182e-01
-1.421990083621512413e-01 2.384790417088235304e-02 5.345348835420555833e-01
-1.304644677119782548e-01 8.856291810811778298e-02 5.600123376927419461e-01
-1.506110746979945625e-01 1.255670514283944439e-01 5.159912348494233303e-01
-1.623928397814108915e-01 6.091614654982027005e-02 4.906486513659649162e-01
-1.453245093855101977e-01 2.382546917999088520e-02 5.284627957132724818e-01
-1.304702238687008575e-01 7.955792072884602939e-02 5.599922548854879834e-01
-1.477243445827386981e-01 1.253003522729286834e-01 5.220135680711317505e-01
-1.623940142937744802e-01 7.022731004961325907e-02 4.906513488242728038e-01
-1.477153983817892369e-01 2.404938361872982489e-02 5.219710837281008597e-01
-1.304795483037170800e-01 6.994988122298119448e-02 5.599629825950952489e-01
-1.453106573087062925e-01 1.254133999725988990e-01 5.285689496038050716e-01
-1.623722375662798034e-01 7.929561188380578052e-02 4.907281162798076690e-01
-1.506336081485082912e-01 2.367556917305791223e-02 5.158571898178867521e-01
-1.304823509192531428e-01 6.094542563867426377e-02 5.599501678483993494e-01
-1.421931682976971534e-01 1.256827527537017763e-01 5.346182661852999507e-01
-1.623714450056840397e-01 8.860763869853983954e-02 4.907372181584200299e-01
-1.538608308695278981e-01 2.389932055707641098e-02 5.094636212722111202e-01
-1.304605761619255511e-01 5.166162268583634337e-02 5.599976665169036361e-01
-1.391124687833811269e-01 1.257004795582739309e-01 5.414105410377462180e-01
-1.623709556943766230e-01 9.791985737224581654e-02 4.907453342409128227e-01
-1.565413212056369074e-01 2.386167200190054266e-02 5.033886567734022766e-01
-1.304869258425081502e-01 4.233401190720334495e-02 5.599266545692103136e-01
-1.362358651588805869e-01 1.253145803187528939e-01 5.471532604764477448e-01
-1.624148356852403441e-01 1.068684615840992669e-01 4.906093750251187546e-01
-1.595373880596793748e-01 2.371814835244590372e-02 4.969750467119834481e-01
-1.304700840679593465e-01 3.305043278309322680e-02 5.599620884814204835e-01
-1.334342740974170105e-01 1.255467065411073058e-01 5.535296638494949795e-01
-1.624181390056534946e-01 1.161799977691826274e-01 4.906051478359849116e-01
-1.568471921192075569e-01 -1.941426915097740624e-01 4.105355352404303493e-01
-1.137024918766914167e-01 -1.941192464771798187e-01 5.030066215780706340e-01
-1.136790602143028794e-01 -9.217676622030433753e-02 5.031267775371729423e-01
-1.568477853666519206e-01 -9.197396725189528610e-02 4.105965337201083476e-01
-1.177862247244513272e-01 -1.944701975610247102e-01 4.948689575250980743e-01
-1.136918539413447199e-01 -1.016425456030359692e-01 5.030859914194862892e-01
-1.529308370763659830e-01 -9.193982560222999090e-02 4.188406356464848823e-01
-1.568564851140348826e-01 -1.850504512819971803e-01 4.105005552388955037e-01
-1.215338235692596802e-01 -1.942706956708661892e-01 4.859191425966444822e-01
-1.137217014339143989e-01 -1.105198786703003172e-01 5.029978560783169295e-01
-1.490538682314088426e-01 -9.223883535434126979e-02 4.270804656914400366e-01
-1.568343680428025411e-01 -1.757698084614416900e-01 4.106030210577636952e-01
-1.255900559094249302e-01 -1.944280161416597486e-01 4.776127440719698525e-01
-1.137400177530182716e-01 -1.199840875636852267e-01 5.029415842780829982e-01
-1.452201781281234338e-01 -9.195228012458314670e-02 4.360532229263820447e-01
-1.568136733071272826e-01 -1.664869592381246211e-01 4.106991740854516459e-01
-1.295191588555155704e-01 -1.941107365320317024e-01 4.690876566049111962e-01
-1.137100968708659871e-01 -1.292018504128100986e-01 5.030202512205139698e-01
-1.412045701722656199e-01 -9.213762871519295961e-02 4.441963049171458455e-01
-1.568768577364220984e-01 -1.569875552225992732e-01 4.104288305534516956e-01
-1.332120368122985399e-01 -1.942767052128514804e-01 4.606855261814199465e-01
-1.137295118834842494e-01 -1.386653309919325949e-01 5.029609397475636179e-01
-1.372752719041017699e-01 -9.217657844060245242e-02 4.528716132625462132e-01
-1.568562636873629124e-01 -1.477043539746138723e-01 4.105247555394740955e-01
-1.372536755926547225e-01 -1.942382096445325335e-01 4.528886609297816390e-01
-1.136953017783374487e-01 -1.478838006686954976e-01 5.030515247467272077e-01
-1.331714531405606972e-01 -9.225795907632709791e-02 4.608764721968071076e-01
-1.568637322617185970e-01 -1.386133311231139698e-01 4.104977207347995094e-01
-1.411921702702941817e-01 -1.942117824538079074e-01 4.441826359589140516e-01
-1.136580013067323008e-01 -1.571029876632875077e-01 5.031506398216869513e-01
-1.294983737997197071e-01 -9.197897382923313214e-02 4.692101550818187916e-01
-1.568454041024763546e-01 -1.293272968956855895e-01 4.105836920770153387e-01
-1.452208348004331573e-01 -1.943879875565162618e-01 4.359913040850351140e-01
-1.136778610842775067e-01 -1.665658012936602483e-01 5.030901586530298619e-01
-1.256022468173203233e-01 -9.223841532618556882e-02 4.776309416363481719e-01
-1.568290472006501624e-01 -1.200392746932465032e-01 4.106609430255172555e-01
-1.490391347644116904e-01 -1.943404989845272379e-01 4.270781140039480173e-01
-1.136373161130897202e-01 -1.757858004842156596e-01 5.031982865928986692e-01
-1.215455336459072277e-01 -9.209831180250915850e-02 4.859394467762822578e-01
-1.568780991403656289e-01 -1.105525632240612899e-01 4.104521586513685816e-01
-1.529122375200872852e-01 -1.942955519553846155e-01 4.188558470818353752e-01
-1.137433331792617186e-01 -1.848993608851374759e-01 5.028975355943057224e-01
-1.177879471546818130e-01 -9.206579261305827822e-02 4.949192928778203826e-01
-1.568618168947350788e-01 -1.012641576375884617e-01 4.105293179864522024e-01
-1.675745635308767689e-01 -1.714609299324048042e-01 3.730556775999159802e-01
-1.265284927113015379e-01 -1.715571084454340922e-01 4.615366897325627882e-01
-1.264852602000821891e-01 -1.021201444217721549e-01 4.617136142542244137e-01
-1.675483808764769156e-01 -1.020399839165063161e-01 3.732531469546545022e-01
-1.300606821952915992e-01 -1.718629555913139539e-01 4.532892742820304743e-01
-1.264923457592863065e-01 -1.085279622185908593e-01 4.616872625620845882e-01
-1.641082492097344359e-01 -1.021024052522667425e-01 3.815424867795763064e-01
-1.675752509409166591e-01 -1.651126428808597224e-01 3.730561536856631388e-01
-1.340552163378585515e-01 -1.718007553006956067e-01 4.452539485417726928e-01
-1.265002413241354262e-01 -1.149354044647162426e-01 4.616582763169010395e-01
-1.600639639973191197e-01 -1.018459917791649377e-01 3.893344774175764300e-01
-1.675331835077280562e-01 -1.591944981470564680e-01 3.732999859387970965e-01
-1.378456895203122312e-01 -1.716468272608070167e-01 4.372801216419638926e-01
-1.265089055832168963e-01 -1.213424547434498318e-01 4.616267897525824782e-01
-1.566457411351223628e-01 -1.021896651194076355e-01 3.975856956769526773e-01
-1.675348986988937916e-01 -1.528440081696750830e-01 3.732946307077917858e-01
-1.413693561206428029e-01 -1.717977041107891234e-01 4.296183417213649824e-01
-1.264783018461012598e-01 -1.275259976775072190e-01 4.617226911012162760e-01
-1.527275617764797255e-01 -1.020044999549024334e-01 4.050575734271831263e-01
-1.675366136009523443e-01 -1.464935122035663784e-01 3.732892770410785044e-01
-1.454146590003641826e-01 -1.716669769835792725e-01 4.212164846951330088e-01
-1.264868840447758158e-01 -1.339329381492676552e-01 4.616914971105716137e-01
-1.488376253976089747e-01 -1.022322155098181612e-01 4.135156655748107868e-01
-1.675383256709754576e-01 -1.401430119492799997e-01 3.732839393970473485e-01
-1.488327555020665383e-01 -1.716518808964350162e-01 4.134956619161253011e-01
-1.264961695725352331e-01 -1.403394654652902473e-01 4.616580145440664640e-01
-1.453770978729190533e-01 -1.020062683574177453e-01 4.214054523931214380e-01
-1.675400322358207295e-01 -1.337925088800605566e-01 3.732786329749575582e-01
-1.526891730972321504e-01 -1.719285708921345635e-01 4.051847228696636716e-01
-1.264618771829158217e-01 -1.465245042040402845e-01 4.617658095440986821e-01
-1.413574272527318432e-01 -1.023180540656026677e-01 4.297022455136308983e-01
-1.675417304994552825e-01 -1.274420042173541323e-01 3.732733736733391816e-01
-1.566564161461558857e-01 -1.716292263512857463e-01 3.974933102724404477e-01
-1.265407132076012131e-01 -1.525618867033865234e-01 4.615070887341399808e-01
-1.377969383558934613e-01 -1.019842419086465779e-01 4.374957077057013421e-01
-1.675434175520040536e-01 -1.210914989066459307e-01 3.732681780385727621e-01
-1.600429980329487745e-01 -1.717183644937947951e-01 3.893937788691232971e-01
-1.265524785465536872e-01 -1.589667352243229193e-01 4.614655233038414961e-01
-1.340176233175693343e-01 -1.021851213141858061e-01 4.454229136489392116e-01
-1.675450903805703329e-01 -1.147409935939756598e-01 3.732630632034037999e-01
-1.640760494673547398e-01 -1.718307392081210583e-01 3.816665052723609564e-01
-1.265647437661334973e-01 -1.653711310690619829e-01 4.614223309733747613e-01
-1.300852564847584381e-01 -1.019656713950060356e-01 4.532439727983540445e-01
-1.675467458818429289e-01 -1.083904886035022136e-01 3.732580468152897346e-01
-1.550799291096734978e-01 -2.963288025617301803e-03 3.886685574017894051e-01
-1.222545551609686559e-01 -2.687495332441058437e-03 4.578806518470528442e-01
-1.222382855381057287e-01 9.952997701329564795e-02 4.579852954193697756e-01
-1.551056595645034786e-01 9.969825188595211884e-02 3.886065659387379356e-01
-1.255188923416397651e-01 -2.903115760935274375e-03 4.514997410147049139e-01
-1.222405194307145809e-01 9.036278258826944965e-02 4.579734003680344112e-01
-1.519274052893633820e-01 9.946250091038842667e-02 3.946289787050689113e-01
-1.550807657684530605e-01 6.545981963667238217e-03 3.886704766225751451e-01
-1.282946622007732351e-01 -2.890146681269887413e-03 4.454615369067320696e-01
-1.222426381504845838e-01 8.119585723547427525e-02 4.579618784790811525e-01
-1.491807687423096496e-01 9.984549771425575704e-02 4.012851732193182808e-01
-1.550823266044521476e-01 1.586104123586051101e-02 3.886685650066732944e-01
-1.313098617908673715e-01 -2.876745629238279534e-03 4.391583899229989374e-01
-1.222582992427473508e-01 7.144594669257686714e-02 4.579063120683486976e-01
-1.463478870256531561e-01 9.999422315931752459e-02 4.077363472869741656e-01
-1.550841262359923534e-01 2.517619205098106661e-02 3.886655015031050264e-01
-1.341989453555954004e-01 -2.863306266126287598e-03 4.328957277041278751e-01
-1.222585339701732221e-01 6.227990015680925917e-02 4.579008886891919317e-01
-1.430680489918789433e-01 9.984404663055573836e-02 4.136289108742615683e-01
-1.550861553684292904e-01 3.449141074237154631e-02 3.886613309077392442e-01
-1.372977750410444286e-01 -2.849452122212772602e-03 4.263874181989089629e-01
-1.222585649042629424e-01 5.311406935104481114e-02 4.578961251691500145e-01
-1.402424038995306599e-01 9.972669351230233070e-02 4.200444557151163938e-01
-1.550884027806616883e-01 4.380667524110777589e-02 3.886561073120639032e-01
-1.402574403634118116e-01 -2.835572657919818631e-03 4.199301003141733823e-01
-1.222424851260228151e-01 4.372049195114743880e-02 4.579431815900709690e-01
-1.373052366165454230e-01 9.978148638841542739e-02 4.264142819073202806e-01
-1.550908555399254096e-01 5.312196536816117531e-02 3.886498930675068575e-01
-1.430799414572268835e-01 -2.821671478506160031e-03 4.135242491011401067e-01
-1.222453093225199655e-01 3.455469310008625616e-02 4.579293782025416482e-01
-1.342032423841984512e-01 9.959640045234456618e-02 4.329343168064030412e-01
-1.550934992475718199e-01 6.243726307475985088e-02 3.886427576002076112e-01
-1.463514902888730929e-01 -2.809756077295584489e-03 4.076633991646561594e-01
-1.222623107132627673e-01 2.503587447473431052e-02 4.578697271254875689e-01
-1.313307796012113948e-01 9.958873289472922052e-02 4.391382602253607326e-01
-1.550963183069008211e-01 7.175255262578569826e-02 3.886347761193094663e-01
-1.492094841716744835e-01 -2.795474876490212923e-03 4.011005175476193840e-01
-1.222537813995120543e-01 1.564212934569733995e-02 4.578924792449787229e-01
-1.282840072936790310e-01 9.992014430775551792e-02 4.455514283264427888e-01
-1.550992962037119061e-01 8.106782072364550340e-02 3.886260282638063224e-01
-1.519207640191675146e-01 -2.781189419376134397e-03 3.945997554684121389e-01
-1.222542705728968254e-01 6.477214303903942177e-03 4.578862343381730482e-01
-1.255166326848767000e-01 9.985231524626299315e-02 4.515603358778468857e-01
-1.551024157903388989e-01 9.038305657260768677e-02 3.886165967324762271e-01
-3.476436350238405748e-02 1.172045954243351590e-01 6.310136676351628671e-01
8.644496664041514261e-03 1.172022641122918707e-01 7.242795930398597815e-01
8.738955543443793078e-03 1.833692790206735423e-01 7.244586103848195124e-01
-3.475010055079350707e-02 1.835697852328853630e-01 6.310755101837451919e-01
4.287732099350511153e-03 1.173170876296839166e-01 7.154307457809777615e-01
8.677665004336320570e-03 1.774422097470418624e-01 7.243649185528630019e-01
-3.123557247924895267e-02 1.836537581962175980e-01 6.393363770076876396e-01
-3.466986408739825692e-02 1.232045193387586862e-01 6.311938817199301832e-01
6.790702982175657017e-04 1.172938091610228051e-01 7.070601175434070296e-01
8.618662915829277890e-03 1.715141124797792405e-01 7.242745568687352087e-01
-2.705546847279793193e-02 1.835675392471151357e-01 6.477121326913458654e-01
-3.474755761802222898e-02 1.292648261677442900e-01 6.310515512581135189e-01
-3.530226887579481290e-03 1.172719138773348074e-01 6.986616287047209273e-01
8.710355876592421401e-03 1.651991649344363156e-01 7.244055462047281901e-01
-2.296259774046227956e-02 1.837388115327030502e-01 6.561852696669373541e-01
-3.472962498823159438e-02 1.350048604872774172e-01 6.310881933652985332e-01
-7.637940580516697393e-03 1.171795173168181520e-01 6.900685015105979536e-01
8.653226560758687722e-03 1.592704923553164564e-01 7.243179587396387786e-01
-1.926509049265077989e-02 1.835626850264915622e-01 6.649606053258855232e-01
-3.472760744031765101e-02 1.413250693071680664e-01 6.310953167300201727e-01
-1.092900634568831283e-02 1.171893750909110826e-01 6.816902685143868545e-01
8.683552065522700744e-03 1.535454289619424539e-01 7.243590726263438029e-01
-1.528611855797868714e-02 1.834964055971888275e-01 6.733065406255327456e-01
-3.470776666104756492e-02 1.470650250353730815e-01 6.311355257282655895e-01
-1.542521426976974606e-02 1.172605929103854028e-01 6.730352907985766020e-01
8.767733522957996128e-03 1.472337349299415454e-01 7.244789515256205847e-01
-1.091301707106662536e-02 1.833830077039370621e-01 6.817541139893734670e-01
-3.470487109259243891e-02 1.533853007726156126e-01 6.311442937172395684e-01
-1.922023744176866444e-02 1.172211404922487848e-01 6.650009037385983257e-01
8.713158543402415440e-03 1.413043851710198140e-01 7.243951623708329013e-01
-7.593792816500465580e-03 1.835840198623214514e-01 6.901778367166132577e-01
-3.479578200983014791e-02 1.594477860440485506e-01 6.309771165799890058e-01
-2.294326351906204875e-02 1.168653002126294332e-01 6.561826913849511111e-01
8.661642196581709890e-03 1.353740667801388298e-01 7.243158333681267713e-01
-3.328400918353785834e-03 1.834404966997034980e-01 6.990179711184739686e-01
-3.467970650869713761e-02 1.654455034222452325e-01 6.311978123025420162e-01
-2.714889367136066531e-02 1.173286748182556377e-01 6.475084776081379001e-01
8.739255603770951231e-03 1.290648526524121043e-01 7.244260783596324638e-01
7.950693887558222660e-04 1.833418198410239064e-01 7.072777320783369959e-01
-3.477414069976721839e-02 1.715088013918374676e-01 6.310240707980836472e-01
-3.126048581478036575e-02 1.171598470395760622e-01 6.392550272596143612e-01
8.690121004134587074e-03 1.231340083996595586e-01 7.243502745769553330e-01
4.429762369353358945e-03 1.834575209225859371e-01 7.156841940767737498e-01
-3.465246398963917063e-02 1.775056665160918146e-01 6.312552169082382703e-01
