-5.600000000000088241e-01 3.859999999999982556e+00 -1.999999999999990408e+01
-2.739999999999997549e+00 3.859999999999979892e+00 -1.999999999999989342e+01
-2.686274509803918686e+00 2.235294117647047774e+00 -1.960784313725480033e+01
-5.490196078431451854e-01 2.235294117647049550e+00 -1.960784313725481809e+01
-2.539999999999999591e+00 3.859999999999981668e+00 -1.999999999999990408e+01
-2.686274509803917798e+00 2.372549019607830711e+00 -1.960784313725480388e+01
-7.450980392156936194e-01 2.235294117647049994e+00 -1.960784313725482164e+01
-5.490196078431459625e-01 3.627450980392141311e+00 -1.960784313725481809e+01
-2.340000000000002522e+00 3.859999999999984777e+00 -1.999999999999991473e+01
-2.739999999999996660e+00 2.579999999999986304e+00 -1.999999999999989342e+01
-9.411764705882412763e-01 2.235294117647048662e+00 -1.960784313725481098e+01
-5.490196078431462956e-01 3.490196078431359705e+00 -1.960784313725483230e+01
-2.160000000000000586e+00 3.859999999999980336e+00 -1.999999999999990052e+01
-2.739999999999997993e+00 2.719999999999986429e+00 -1.999999999999989697e+01
-1.137254901960790265e+00 2.235294117647050438e+00 -1.960784313725482875e+01
-5.490196078431458515e-01 3.352941176470573215e+00 -1.960784313725481454e+01
-1.960000000000003073e+00 3.859999999999983000e+00 -1.999999999999991118e+01
-2.686274509803917798e+00 2.803921568627437022e+00 -1.960784313725480033e+01
-1.333333333333338366e+00 2.235294117647049994e+00 -1.960784313725481809e+01
-5.490196078431466287e-01 3.215686274509793829e+00 -1.960784313725484651e+01
-1.760000000000004450e+00 3.859999999999982112e+00 -1.999999999999991118e+01
-2.686274509803917798e+00 2.941176470588220404e+00 -1.960784313725480033e+01
-1.529411764705885579e+00 2.235294117647049550e+00 -1.960784313725482164e+01
-5.490196078431458515e-01 3.078431372549007339e+00 -1.960784313725482519e+01
-1.560000000000004050e+00 3.859999999999982112e+00 -1.999999999999991118e+01
-2.686274509803918686e+00 3.078431372549002898e+00 -1.960784313725479677e+01
-1.725490196078433680e+00 2.235294117647048662e+00 -1.960784313725480743e+01
-5.490196078431459625e-01 2.941176470588224401e+00 -1.960784313725483230e+01
-1.360000000000004983e+00 3.859999999999982112e+00 -1.999999999999990763e+01
-2.686274509803919575e+00 3.215686274509786724e+00 -1.960784313725479677e+01
-1.921568627450981337e+00 2.235294117647048662e+00 -1.960784313725481098e+01
-5.490196078431458515e-01 2.803921568627440131e+00 -1.960784313725482875e+01
-1.160000000000007248e+00 3.859999999999984777e+00 -1.999999999999992184e+01
-2.686274509803919575e+00 3.352941176470571438e+00 -1.960784313725480388e+01
-2.117647058823529882e+00 2.235294117647048218e+00 -1.960784313725481098e+01
-5.600000000000080469e-01 2.719999999999987317e+00 -1.999999999999990763e+01
-9.600000000000078471e-01 3.859999999999984777e+00 -1.999999999999992184e+01
-2.686274509803920019e+00 3.490196078431353932e+00 -1.960784313725480388e+01
-2.294117647058822929e+00 2.235294117647047774e+00 -1.960784313725480743e+01
-5.600000000000080469e-01 2.579999999999987192e+00 -1.999999999999990408e+01
-7.600000000000081135e-01 3.859999999999981668e+00 -1.999999999999990763e+01
-2.686274509803920463e+00 3.627450980392140423e+00 -1.960784313725481098e+01
-2.490196078431372140e+00 2.235294117647049550e+00 -1.960784313725481454e+01
-5.490196078431454074e-01 2.372549019607833820e+00 -1.960784313725482164e+01
5.215686274509803155e+00 -5.372549019607845366e+00 -1.960784313725491046e+01
3.058823529411753839e+00 -5.372549019607832044e+00 -1.960784313725486072e+01
3.058823529411755171e+00 -6.764705882352931354e+00 -1.960784313725486783e+01
5.215686274509801379e+00 -6.764705882352942012e+00 -1.960784313725490691e+01
3.254901960784299941e+00 -5.372549019607830267e+00 -1.960784313725484651e+01
3.058823529411758280e+00 -6.627450980392154634e+00 -1.960784313725488914e+01
5.019607843137245951e+00 -6.764705882352935795e+00 -1.960784313725488914e+01
5.215686274509793385e+00 -5.490196078431367255e+00 -1.960784313725488204e+01
3.450980392156854037e+00 -5.372549019607832932e+00 -1.960784313725487138e+01
3.058823529411756947e+00 -6.509803921568618534e+00 -1.960784313725487849e+01
4.823529411764700292e+00 -6.764705882352934019e+00 -1.960784313725489625e+01
5.319999999999991402e+00 -5.719999999999997975e+00 -1.999999999999998579e+01
3.647058823529402360e+00 -5.372549019607835596e+00 -1.960784313725487493e+01
3.058823529411758280e+00 -6.372549019607838261e+00 -1.960784313725488204e+01
4.627450980392147528e+00 -6.764705882352934907e+00 -1.960784313725488204e+01
5.215686274509792497e+00 -5.745098039215680963e+00 -1.960784313725486783e+01
3.843137254901954680e+00 -5.372549019607840926e+00 -1.960784313725489625e+01
3.058823529411755615e+00 -6.254901960784303938e+00 -1.960784313725487493e+01
4.431372549019601870e+00 -6.764705882352938460e+00 -1.960784313725488559e+01
5.319999999999998508e+00 -5.980000000000003091e+00 -2.000000000000001421e+01
4.039215686274503447e+00 -5.372549019607841814e+00 -1.960784313725489980e+01
3.058823529411756059e+00 -6.117647058823521000e+00 -1.960784313725487138e+01
4.235294117647042889e+00 -6.764705882352925137e+00 -1.960784313725484651e+01
5.215686274509796938e+00 -6.000000000000000000e+00 -1.960784313725489270e+01
4.235294117647052659e+00 -5.372549019607840037e+00 -1.960784313725489270e+01
3.058823529411754283e+00 -5.999999999999984901e+00 -1.960784313725485362e+01
4.039215686274501671e+00 -6.764705882352937572e+00 -1.960784313725488559e+01
5.215686274509794274e+00 -6.117647058823521000e+00 -1.960784313725488204e+01
4.431372549019598317e+00 -5.372549019607835596e+00 -1.960784313725488204e+01
3.119999999999989893e+00 -5.979999999999987104e+00 -1.999999999999996092e+01
3.843137254901949795e+00 -6.764705882352930466e+00 -1.960784313725487138e+01
5.215686274509795162e+00 -6.254901960784308379e+00 -1.960784313725488559e+01
4.627450980392150193e+00 -5.372549019607843590e+00 -1.960784313725489980e+01
3.058823529411756059e+00 -5.745098039215677410e+00 -1.960784313725487849e+01
3.647058823529401916e+00 -6.764705882352929578e+00 -1.960784313725486783e+01
5.215686274509797826e+00 -6.372549019607837373e+00 -1.960784313725488914e+01
4.823529411764696739e+00 -5.372549019607838261e+00 -1.960784313725488204e+01
3.119999999999990337e+00 -5.719999999999989981e+00 -1.999999999999997158e+01
3.450980392156850929e+00 -6.764705882352927802e+00 -1.960784313725485362e+01
5.215686274509798714e+00 -6.509803921568622975e+00 -1.960784313725489625e+01
5.019607843137245951e+00 -5.372549019607837373e+00 -1.960784313725488204e+01
3.058823529411749842e+00 -5.490196078431355708e+00 -1.960784313725483941e+01
3.254901960784307047e+00 -6.764705882352935795e+00 -1.960784313725488914e+01
5.215686274509791609e+00 -6.627450980392144864e+00 -1.960784313725486783e+01
1.370370370370356694e+00 2.796296296296288286e+00 -1.851851851851847286e+01
-2.407407407407500810e-01 2.796296296296287398e+00 -1.851851851851845865e+01
-2.363636363636440751e-01 6.727272727272705088e-01 -1.818181818181812659e+01
1.345454545454533246e+00 6.727272727272706199e-01 -1.818181818181813370e+01
-9.259259259260246844e-02 2.796296296296288286e+00 -1.851851851851846220e+01
-2.407407407407486655e-01 8.888888888888860640e-01 -1.851851851851845865e+01
1.199999999999987743e+00 6.727272727272712860e-01 -1.818181818181813370e+01
1.345454545454532580e+00 2.545454545454538309e+00 -1.818181818181813014e+01
3.703703703702677236e-02 2.796296296296286066e+00 -1.851851851851845865e+01
-2.363636363636442972e-01 1.054545454545451344e+00 -1.818181818181812659e+01
1.054545454545443128e+00 6.727272727272709529e-01 -1.818181818181813370e+01
1.345454545454532580e+00 2.363636363636358428e+00 -1.818181818181813725e+01
1.851851851851743780e-01 2.796296296296286510e+00 -1.851851851851845154e+01
-2.363636363636445192e-01 1.236363636363632112e+00 -1.818181818181812304e+01
9.090909090908977364e-01 6.727272727272707309e-01 -1.818181818181812659e+01
1.370370370370356916e+00 2.222222222222216104e+00 -1.851851851851846575e+01
3.333333333333222681e-01 2.796296296296289174e+00 -1.851851851851846931e+01
-2.363636363636445192e-01 1.418181818181813325e+00 -1.818181818181812304e+01
7.636363636363527885e-01 6.727272727272706199e-01 -1.818181818181812659e+01
1.345454545454532358e+00 1.981818181818176816e+00 -1.818181818181813725e+01
4.814814814814697419e-01 2.796296296296285622e+00 -1.851851851851845510e+01
-2.407407407407492483e-01 1.648148148148142589e+00 -1.851851851851845865e+01
6.181818181818079516e-01 6.727272727272708419e-01 -1.818181818181813014e+01
1.345454545454532136e+00 1.799999999999994937e+00 -1.818181818181812659e+01
6.296296296296178818e-01 2.796296296296287842e+00 -1.851851851851846931e+01
-2.363636363636449356e-01 1.799999999999994271e+00 -1.818181818181812304e+01
4.727272727272629482e-01 6.727272727272708419e-01 -1.818181818181812659e+01
1.370370370370357360e+00 1.648148148148143699e+00 -1.851851851851846931e+01
7.777777777777656887e-01 2.796296296296288730e+00 -1.851851851851846575e+01
-2.363636363636449911e-01 1.981818181818175040e+00 -1.818181818181811593e+01
3.272727272727178893e-01 6.727272727272707309e-01 -1.818181818181813014e+01
1.345454545454532802e+00 1.418181818181813769e+00 -1.818181818181812659e+01
9.259259259259132735e-01 2.796296296296288286e+00 -1.851851851851846931e+01
-2.407407407407497479e-01 2.222222222222215660e+00 -1.851851851851845865e+01
1.818181818181728027e-01 6.727272727272702868e-01 -1.818181818181812304e+01
1.345454545454533690e+00 1.236363636363633667e+00 -1.818181818181814080e+01
1.074074074074061302e+00 2.796296296296289619e+00 -1.851851851851847996e+01
-2.363636363636451576e-01 2.363636363636354432e+00 -1.818181818181810883e+01
3.636363636362780621e-02 6.727272727272707309e-01 -1.818181818181812659e+01
1.345454545454533024e+00 1.054545454545451344e+00 -1.818181818181813014e+01
1.222222222222208554e+00 2.796296296296288730e+00 -1.851851851851846220e+01
-2.363636363636453797e-01 2.545454545454536976e+00 -1.818181818181811948e+01
-9.090909090909908563e-02 6.727272727272708419e-01 -1.818181818181812304e+01
1.370370370370357582e+00 8.888888888888870632e-01 -1.851851851851846931e+01
5.160714285714279370e+00 -5.874999999999997335e+00 -1.785714285714285054e+01
3.089285714285708195e+00 -5.874999999999992895e+00 -1.785714285714283989e+01
3.089285714285706863e+00 -7.410714285714274041e+00 -1.785714285714282568e+01
5.160714285714292693e+00 -7.410714285714297134e+00 -1.785714285714288607e+01
3.285714285714279370e+00 -5.874999999999998224e+00 -1.785714285714284699e+01
3.035087719298241282e+00 -7.157894736842101757e+00 -1.754385964912280116e+01
4.964285714285713524e+00 -7.410714285714288252e+00 -1.785714285714286476e+01
5.160714285714279370e+00 -6.017857142857142350e+00 -1.785714285714285054e+01
3.464285714285709084e+00 -5.874999999999998224e+00 -1.785714285714284699e+01
3.035087719298239950e+00 -7.017543859649115312e+00 -1.754385964912279405e+01
4.785714285714279370e+00 -7.410714285714281147e+00 -1.785714285714285054e+01
5.070175438596491446e+00 -6.052631578947369917e+00 -1.754385964912281892e+01
3.660714285714277594e+00 -5.874999999999989342e+00 -1.785714285714282923e+01
3.089285714285706863e+00 -6.999999999999990230e+00 -1.785714285714282923e+01
4.589285714285711748e+00 -7.410714285714286476e+00 -1.785714285714286120e+01
5.070175438596487005e+00 -6.192982456140348368e+00 -1.754385964912280471e+01
3.839285714285707751e+00 -5.874999999999996447e+00 -1.785714285714284699e+01
3.089285714285712192e+00 -6.857142857142859427e+00 -1.785714285714285765e+01
4.410714285714282923e+00 -7.410714285714283811e+00 -1.785714285714285410e+01
5.070175438596491446e+00 -6.333333333333336590e+00 -1.754385964912281537e+01
4.035714285714276706e+00 -5.874999999999991118e+00 -1.785714285714282923e+01
3.089285714285707751e+00 -6.714285714285705531e+00 -1.785714285714282923e+01
4.214285714285705531e+00 -7.410714285714278482e+00 -1.785714285714283633e+01
5.160714285714278482e+00 -6.571428571428567622e+00 -1.785714285714284344e+01
4.214285714285707307e+00 -5.874999999999993783e+00 -1.785714285714283633e+01
3.089285714285710416e+00 -6.571428571428565846e+00 -1.785714285714285054e+01
4.035714285714282923e+00 -7.410714285714282923e+00 -1.785714285714285054e+01
5.160714285714279370e+00 -6.714285714285707307e+00 -1.785714285714284344e+01
4.410714285714280258e+00 -5.874999999999995559e+00 -1.785714285714285410e+01
3.035087719298236841e+00 -6.333333333333318826e+00 -1.754385964912277629e+01
3.839285714285709972e+00 -7.410714285714282035e+00 -1.785714285714284699e+01
5.160714285714285587e+00 -6.857142857142864756e+00 -1.785714285714287541e+01
4.589285714285706419e+00 -5.874999999999996447e+00 -1.785714285714283989e+01
3.035087719298237730e+00 -6.192982456140339487e+00 -1.754385964912278695e+01
3.660714285714281147e+00 -7.410714285714280258e+00 -1.785714285714284699e+01
5.160714285714275817e+00 -6.999999999999989342e+00 -1.785714285714283278e+01
4.785714285714282035e+00 -5.875000000000001776e+00 -1.785714285714286120e+01
3.035087719298240394e+00 -6.052631578947361923e+00 -1.754385964912279405e+01
3.464285714285706863e+00 -7.410714285714275817e+00 -1.785714285714282923e+01
5.070175438596489670e+00 -7.017543859649122417e+00 -1.754385964912280471e+01
4.964285714285710860e+00 -5.875000000000000888e+00 -1.785714285714286120e+01
3.089285714285708195e+00 -6.017857142857136132e+00 -1.785714285714283989e+01
3.285714285714278482e+00 -7.410714285714277594e+00 -1.785714285714283633e+01
5.070175438596479900e+00 -7.157894736842095540e+00 -1.754385964912278695e+01
1.499999999999994893e+00 -5.379310344827580970e+00 -1.724137931034480786e+01
-6.034482758620703935e-01 -5.379310344827566759e+00 -1.724137931034476523e+01
-6.140350877192993773e-01 -6.894736842105246843e+00 -1.754385964912275853e+01
1.526315789473678075e+00 -6.894736842105246843e+00 -1.754385964912276563e+01
-4.137931034482785764e-01 -5.379310344827569423e+00 -1.724137931034478299e+01
-6.034482758620696163e-01 -6.655172413793081887e+00 -1.724137931034477234e+01
1.333333333333328596e+00 -6.894736842105252173e+00 -1.754385964912277984e+01
1.499999999999994227e+00 -5.499999999999991118e+00 -1.724137931034480076e+01
-2.241379310344857601e-01 -5.379310344827573864e+00 -1.724137931034477944e+01
-6.034482758620702825e-01 -6.534482758620674403e+00 -1.724137931034478655e+01
1.140350877192977119e+00 -6.894736842105248620e+00 -1.754385964912276208e+01
1.499999999999992895e+00 -5.637931034482745574e+00 -1.724137931034478299e+01
-3.448275862069321435e-02 -5.379310344827569423e+00 -1.724137931034477589e+01
-6.034482758620698384e-01 -6.396551724137909289e+00 -1.724137931034477944e+01
9.473684210526270855e-01 -6.894736842105251284e+00 -1.754385964912277629e+01
1.499999999999992006e+00 -5.758620689655155722e+00 -1.724137931034477589e+01
1.724137931034440963e-01 -5.379310344827570312e+00 -1.724137931034477589e+01
-6.034482758620703935e-01 -6.275862068965498253e+00 -1.724137931034477944e+01
7.543859649122759414e-01 -6.894736842105244179e+00 -1.754385964912275497e+01
1.526315789473677187e+00 -5.982456140350864260e+00 -1.754385964912276918e+01
3.620689655172365518e-01 -5.379310344827570312e+00 -1.724137931034477234e+01
-6.140350877192998214e-01 -6.245614035087704075e+00 -1.754385964912276208e+01
5.614035087719253525e-01 -6.894736842105241514e+00 -1.754385964912275142e+01
1.499999999999993117e+00 -6.017241379310329208e+00 -1.724137931034478299e+01
5.517241379310292571e-01 -5.379310344827571200e+00 -1.724137931034477944e+01
-6.034482758620699494e-01 -6.017241379310323879e+00 -1.724137931034476523e+01
3.684210526315755407e-01 -6.894736842105247732e+00 -1.754385964912276918e+01
1.526315789473676299e+00 -6.245614035087700522e+00 -1.754385964912275497e+01
7.413793103448224064e-01 -5.379310344827572976e+00 -1.724137931034479010e+01
-6.140350877192999324e-01 -5.982456140350860707e+00 -1.754385964912276208e+01
1.754385964912249796e-01 -6.894736842105244179e+00 -1.754385964912276563e+01
1.499999999999994449e+00 -6.275862068965506246e+00 -1.724137931034479365e+01
9.310344827586144456e-01 -5.379310344827570312e+00 -1.724137931034477589e+01
-6.034482758620703935e-01 -5.758620689655153946e+00 -1.724137931034477234e+01
-3.508771929824818642e-02 -6.894736842105242403e+00 -1.754385964912275497e+01
1.499999999999993783e+00 -6.396551724137919948e+00 -1.724137931034479365e+01
1.120689655172408150e+00 -5.379310344827576529e+00 -1.724137931034479720e+01
-6.034482758620708376e-01 -5.637931034482739356e+00 -1.724137931034476878e+01
-2.280701754385984215e-01 -6.894736842105238850e+00 -1.754385964912274787e+01
1.499999999999995337e+00 -6.534482758620682397e+00 -1.724137931034480431e+01
1.310344827586200855e+00 -5.379310344827574752e+00 -1.724137931034479365e+01
-6.034482758620708376e-01 -5.499999999999986677e+00 -1.724137931034478655e+01
-4.210526315789492324e-01 -6.894736842105250396e+00 -1.754385964912277629e+01
1.499999999999992895e+00 -6.655172413793083663e+00 -1.724137931034477944e+01
5.999999999999995559e+00 -3.810344827586205962e+00 -1.724137931034482207e+01
4.379310344827581858e+00 -3.810344827586207295e+00 -1.724137931034482563e+01
4.305084745762710163e+00 -5.881355932203391035e+00 -1.694915254237288593e+01
5.898305084745759430e+00 -5.881355932203389258e+00 -1.694915254237287883e+01
4.517241379310335425e+00 -3.810344827586205074e+00 -1.724137931034481497e+01
4.305084745762700393e+00 -5.694915254237276514e+00 -1.694915254237285041e+01
5.762711864406775852e+00 -5.881355932203391035e+00 -1.694915254237288593e+01
5.898305084745758542e+00 -3.949152542372881936e+00 -1.694915254237288238e+01
4.672413793103443069e+00 -3.810344827586206851e+00 -1.724137931034482207e+01
4.379310344827577417e+00 -5.586206896551718870e+00 -1.724137931034480786e+01
5.610169491525422103e+00 -5.881355932203391923e+00 -1.694915254237287883e+01
5.999999999999997335e+00 -4.206896551724138789e+00 -1.724137931034482918e+01
4.827586206896541832e+00 -3.810344827586203298e+00 -1.724137931034480786e+01
4.305084745762705722e+00 -5.305084745762711051e+00 -1.694915254237286462e+01
5.457627118644060360e+00 -5.881355932203386594e+00 -1.694915254237286817e+01
5.898305084745762983e+00 -4.338983050847460277e+00 -1.694915254237289659e+01
4.965517241379301616e+00 -3.810344827586203742e+00 -1.724137931034481852e+01
4.379310344827585411e+00 -5.189655172413794482e+00 -1.724137931034483273e+01
5.322033898305084776e+00 -5.881355932203392811e+00 -1.694915254237288593e+01
5.898305084745758542e+00 -4.525423728813558810e+00 -1.694915254237288238e+01
5.120689655172404819e+00 -3.810344827586204186e+00 -1.724137931034481497e+01
4.305084745762705722e+00 -4.915254237288134043e+00 -1.694915254237286817e+01
5.169491525423723033e+00 -5.881355932203387482e+00 -1.694915254237287172e+01
6.000000000000001776e+00 -4.793103448275865652e+00 -1.724137931034483984e+01
5.258620689655163716e+00 -3.810344827586204630e+00 -1.724137931034481852e+01
4.379310344827577417e+00 -4.793103448275859435e+00 -1.724137931034481497e+01
5.033898305084744784e+00 -5.881355932203391035e+00 -1.694915254237288593e+01
5.898305084745754989e+00 -4.915254237288135819e+00 -1.694915254237287883e+01
5.413793103448270472e+00 -3.810344827586206851e+00 -1.724137931034482207e+01
4.305084745762706611e+00 -4.525423728813557922e+00 -1.694915254237287883e+01
4.881355932203384818e+00 -5.881355932203387482e+00 -1.694915254237286817e+01
5.999999999999995559e+00 -5.189655172413793593e+00 -1.724137931034482918e+01
5.551724137931033809e+00 -3.810344827586208183e+00 -1.724137931034482918e+01
4.305084745762708387e+00 -4.338983050847459388e+00 -1.694915254237288949e+01
4.745762711864410122e+00 -5.881355932203397252e+00 -1.694915254237290014e+01
5.898305084745759430e+00 -5.305084745762712828e+00 -1.694915254237288238e+01
5.706896551724131683e+00 -3.810344827586206851e+00 -1.724137931034482563e+01
4.379310344827578305e+00 -4.206896551724134348e+00 -1.724137931034481497e+01
4.593220338983044826e+00 -5.881355932203384818e+00 -1.694915254237287172e+01
6.000000000000000000e+00 -5.586206896551729528e+00 -1.724137931034484339e+01
5.862068965517237551e+00 -3.810344827586206851e+00 -1.724137931034482563e+01
4.305084745762704834e+00 -3.949152542372877939e+00 -1.694915254237287172e+01
4.440677966101690188e+00 -5.881355932203386594e+00 -1.694915254237287172e+01
5.898305084745754101e+00 -5.694915254237284508e+00 -1.694915254237287172e+01
2.333333333333317050e+00 4.783333333333319892e+00 -1.666666666666662167e+01
7.833333333333195592e-01 4.783333333333312787e+00 -1.666666666666660390e+01
7.833333333333223347e-01 2.716666666666660568e+00 -1.666666666666662877e+01
2.333333333333321047e+00 2.716666666666663676e+00 -1.666666666666664653e+01
9.166666666666531960e-01 4.783333333333319892e+00 -1.666666666666662167e+01
7.833333333333217796e-01 2.899999999999992806e+00 -1.666666666666662522e+01
2.183333333333321580e+00 2.716666666666662344e+00 -1.666666666666664653e+01
2.372881355932187741e+00 4.677966101694906342e+00 -1.694915254237285041e+01
1.066666666666653551e+00 4.783333333333321669e+00 -1.666666666666662877e+01
7.966101694915138642e-01 3.152542372881347976e+00 -1.694915254237283619e+01
2.049999999999986944e+00 2.716666666666662344e+00 -1.666666666666663943e+01
2.372881355932188630e+00 4.491525423728803368e+00 -1.694915254237285041e+01
1.199999999999986633e+00 4.783333333333322557e+00 -1.666666666666663588e+01
7.966101694915136422e-01 3.338983050847448730e+00 -1.694915254237283975e+01
1.899999999999986366e+00 2.716666666666661456e+00 -1.666666666666662877e+01
2.333333333333317938e+00 4.216666666666658791e+00 -1.666666666666663232e+01
1.349999999999986100e+00 4.783333333333322557e+00 -1.666666666666662877e+01
7.833333333333208914e-01 3.466666666666654351e+00 -1.666666666666661101e+01
1.766666666666653285e+00 2.716666666666661012e+00 -1.666666666666662877e+01
2.372881355932187741e+00 4.101694915254229024e+00 -1.694915254237284330e+01
1.483333333333318960e+00 4.783333333333322557e+00 -1.666666666666662877e+01
7.966101694915120879e-01 3.728813559322020410e+00 -1.694915254237281843e+01
1.616666666666653374e+00 2.716666666666660568e+00 -1.666666666666662522e+01
2.372881355932189074e+00 3.915254237288129158e+00 -1.694915254237285041e+01
1.616666666666651375e+00 4.783333333333317228e+00 -1.666666666666661456e+01
7.966101694915128650e-01 3.915254237288125161e+00 -1.694915254237283619e+01
1.483333333333321402e+00 2.716666666666661456e+00 -1.666666666666663588e+01
2.372881355932188185e+00 3.728813559322026627e+00 -1.694915254237285041e+01
1.766666666666652619e+00 4.783333333333325221e+00 -1.666666666666663588e+01
7.966101694915127540e-01 4.101694915254224583e+00 -1.694915254237283264e+01
1.349999999999987876e+00 2.716666666666660568e+00 -1.666666666666663232e+01
2.333333333333317494e+00 3.466666666666660124e+00 -1.666666666666663232e+01
1.899999999999984146e+00 4.783333333333319892e+00 -1.666666666666662167e+01
7.833333333333206694e-01 4.216666666666654351e+00 -1.666666666666661811e+01
1.199999999999988187e+00 2.716666666666660568e+00 -1.666666666666662877e+01
2.372881355932189518e+00 3.338983050847451839e+00 -1.694915254237285396e+01
2.049999999999984723e+00 4.783333333333322557e+00 -1.666666666666663232e+01
7.966101694915116438e-01 4.491525423728795374e+00 -1.694915254237281488e+01
1.066666666666654661e+00 2.716666666666661456e+00 -1.666666666666662877e+01
2.372881355932190406e+00 3.152542372881350197e+00 -1.694915254237285396e+01
2.183333333333318027e+00 4.783333333333324333e+00 -1.666666666666663232e+01
7.966101694915121989e-01 4.677966101694900125e+00 -1.694915254237283264e+01
9.166666666666545282e-01 2.716666666666657903e+00 -1.666666666666661456e+01
2.333333333333320159e+00 2.899999999999995470e+00 -1.666666666666663943e+01
-1.096774193548393228e+00 5.467741935483842575e+00 -1.612903225806443785e+01
-3.145161290322574743e+00 5.467741935483840798e+00 -1.612903225806442720e+01
-3.095238095238090015e+00 4.317460317460295904e+00 -1.587301587301578465e+01
-1.079365079365084634e+00 4.317460317460296793e+00 -1.587301587301579886e+01
-2.967741935483870108e+00 5.467741935483850568e+00 -1.612903225806445562e+01
-3.095238095238091791e+00 4.412698412698393469e+00 -1.587301587301580241e+01
-1.269841269841276654e+00 4.317460317460303010e+00 -1.587301587301582551e+01
-1.096774193548393450e+00 5.370967741935460893e+00 -1.612903225806444851e+01
-2.774193548387095198e+00 5.467741935483845239e+00 -1.612903225806443785e+01
-3.145161290322575187e+00 4.596774193548362142e+00 -1.612903225806443075e+01
-1.444444444444448417e+00 4.317460317460297681e+00 -1.587301587301580419e+01
-1.096774193548394560e+00 5.274193548387079211e+00 -1.612903225806446628e+01
-2.596774193548384346e+00 5.467741935483840798e+00 -1.612903225806443075e+01
-3.145161290322571634e+00 4.693548387096742935e+00 -1.612903225806441654e+01
-1.634920634920638882e+00 4.317460317460301233e+00 -1.587301587301581485e+01
-1.096774193548393894e+00 5.177419354838691312e+00 -1.612903225806445917e+01
-2.403225806451611213e+00 5.467741935483844351e+00 -1.612903225806443785e+01
-3.145161290322578740e+00 4.790322580645144157e+00 -1.612903225806445562e+01
-1.809523809523813753e+00 4.317460317460303010e+00 -1.587301587301582018e+01
-1.096774193548393450e+00 5.080645161290297196e+00 -1.612903225806444141e+01
-2.225806451612905246e+00 5.467741935483851456e+00 -1.612903225806445562e+01
-3.145161290322577408e+00 4.887096774193524951e+00 -1.612903225806444141e+01
-2.000000000000002665e+00 4.317460317460302122e+00 -1.587301587301581840e+01
-1.096774193548393228e+00 4.983870967741911961e+00 -1.612903225806444496e+01
-2.032258064516133444e+00 5.467741935483853233e+00 -1.612903225806445917e+01
-3.145161290322578296e+00 4.983870967741912850e+00 -1.612903225806444851e+01
-2.190476190476191576e+00 4.317460317460298569e+00 -1.587301587301580597e+01
-1.096774193548394338e+00 4.887096774193533832e+00 -1.612903225806446272e+01
-1.838709677419358757e+00 5.467741935483848792e+00 -1.612903225806445207e+01
-3.145161290322580516e+00 5.080645161290305190e+00 -1.612903225806445207e+01
-2.365079365079363782e+00 4.317460317460295904e+00 -1.587301587301579886e+01
-1.096774193548393672e+00 4.790322580645145045e+00 -1.612903225806445917e+01
-1.661290322580650347e+00 5.467741935483850568e+00 -1.612903225806445562e+01
-3.145161290322573411e+00 5.177419354838682430e+00 -1.612903225806442720e+01
-2.555555555555554026e+00 4.317460317460295904e+00 -1.587301587301579886e+01
-1.096774193548393228e+00 4.693548387096754482e+00 -1.612903225806444851e+01
-1.467741935483876770e+00 5.467741935483849680e+00 -1.612903225806446628e+01
-3.145161290322580516e+00 5.274193548387078323e+00 -1.612903225806445917e+01
-2.730158730158726677e+00 4.317460317460297681e+00 -1.587301587301579531e+01
-1.096774193548392784e+00 4.596774193548367471e+00 -1.612903225806444496e+01
-1.290322580645168804e+00 5.467741935483855009e+00 -1.612903225806446628e+01
-3.145161290322576075e+00 5.370967741935457340e+00 -1.612903225806443785e+01
-2.920634920634918696e+00 4.317460317460300345e+00 -1.587301587301580419e+01
-1.079365079365087299e+00 4.412698412698399686e+00 -1.587301587301582906e+01
-5.238095238095211492e+00 -4.698412698412671062e+00 -1.587301587301578110e+01
-7.396825396825354559e+00 -4.698412698412667510e+00 -1.587301587301576689e+01
-7.516129032258023202e+00 -6.532258064516089924e+00 -1.612903225806442009e+01
-5.322580645161263391e+00 -6.532258064516090812e+00 -1.612903225806442364e+01
-7.206349206349161207e+00 -4.698412698412666622e+00 -1.587301587301576689e+01
-7.396825396825360777e+00 -6.285714285714251837e+00 -1.587301587301579175e+01
-5.516129032258040077e+00 -6.532258064516099694e+00 -1.612903225806443785e+01
-5.238095238095207939e+00 -4.857142857142827452e+00 -1.587301587301577399e+01
-6.999999999999963585e+00 -4.698412698412671951e+00 -1.587301587301577754e+01
-7.396825396825359000e+00 -6.126984126984088341e+00 -1.587301587301577932e+01
-5.709677419354813210e+00 -6.532258064516097917e+00 -1.612903225806443785e+01
-5.238095238095209716e+00 -5.015873015872985619e+00 -1.587301587301578287e+01
-6.809523809523769344e+00 -4.698412698412669286e+00 -1.587301587301577044e+01
-7.396825396825351895e+00 -5.968253968253931951e+00 -1.587301587301577044e+01
-5.919354838709641520e+00 -6.532258064516086371e+00 -1.612903225806441299e+01
-5.238095238095214157e+00 -5.174603174603149114e+00 -1.587301587301579353e+01
-6.619047619047579545e+00 -4.698412698412664845e+00 -1.587301587301576689e+01
-7.396825396825355448e+00 -5.809523809523774673e+00 -1.587301587301577932e+01
-6.112903225806416430e+00 -6.532258064516088147e+00 -1.612903225806441654e+01
-5.238095238095215045e+00 -5.333333333333303727e+00 -1.587301587301578820e+01
-6.412698412698378370e+00 -4.698412698412671062e+00 -1.587301587301578643e+01
-7.396825396825346566e+00 -5.650793650793609402e+00 -1.587301587301575800e+01
-6.322580645161250068e+00 -6.532258064516085483e+00 -1.612903225806441299e+01
-5.238095238095214157e+00 -5.492063492063464558e+00 -1.587301587301579353e+01
-6.222222222222190346e+00 -4.698412698412673727e+00 -1.587301587301578110e+01
-7.396825396825351007e+00 -5.492063492063458341e+00 -1.587301587301577399e+01
-6.516129032258018761e+00 -6.532258064516082818e+00 -1.612903225806440233e+01
-5.238095238095216821e+00 -5.650793650793622724e+00 -1.587301587301580419e+01
-6.015873015872982954e+00 -4.698412698412668398e+00 -1.587301587301577577e+01
-7.396825396825354559e+00 -5.333333333333300175e+00 -1.587301587301577932e+01
-6.725806451612863057e+00 -6.532258064516086371e+00 -1.612903225806441299e+01
-5.238095238095211492e+00 -5.809523809523774673e+00 -1.587301587301578287e+01
-5.825396825396794931e+00 -4.698412698412671062e+00 -1.587301587301578110e+01
-7.396825396825354559e+00 -5.174603174603143785e+00 -1.587301587301577754e+01
-6.919354838709640632e+00 -6.532258064516089036e+00 -1.612903225806441654e+01
-5.238095238095212380e+00 -5.968253968253936392e+00 -1.587301587301578465e+01
-5.619047619047590203e+00 -4.698412698412670174e+00 -1.587301587301577932e+01
-7.396825396825348342e+00 -5.015873015872978513e+00 -1.587301587301575623e+01
-7.112903225806412877e+00 -6.532258064516089036e+00 -1.612903225806442009e+01
-5.238095238095210604e+00 -6.126984126984092782e+00 -1.587301587301577754e+01
-5.428571428571401292e+00 -4.698412698412670174e+00 -1.587301587301577932e+01
-7.396825396825353671e+00 -4.857142857142825676e+00 -1.587301587301577221e+01
-7.322580645161244739e+00 -6.532258064516085483e+00 -1.612903225806441299e+01
-5.238095238095212380e+00 -6.285714285714253613e+00 -1.587301587301578465e+01
2.357142857142847436e+00 -2.857142857142853098e-01 -1.428571428571426161e+01
9.857142857142775494e-01 -2.857142857142851988e-01 -1.428571428571425983e+01
9.857142857142792147e-01 -2.342857142857138530e+00 -1.428571428571425805e+01
2.357142857142849657e+00 -2.342857142857139863e+00 -1.428571428571426694e+01
1.099999999999991651e+00 -2.857142857142849768e-01 -1.428571428571425272e+01
9.857142857142794368e-01 -2.157142857142853476e+00 -1.428571428571425983e+01
2.228571428571421986e+00 -2.342857142857140307e+00 -1.428571428571426871e+01
2.357142857142849213e+00 -4.714285714285711970e-01 -1.428571428571427759e+01
1.228571428571420210e+00 -2.857142857142850878e-01 -1.428571428571425805e+01
9.857142857142791037e-01 -1.971428571428567755e+00 -1.428571428571425450e+01
2.099999999999992983e+00 -2.342857142857139419e+00 -1.428571428571426694e+01
2.391304347826077148e+00 -6.666666666666657415e-01 -1.449275362318838312e+01
1.357142857142848102e+00 -2.857142857142850878e-01 -1.428571428571425628e+01
9.857142857142784376e-01 -1.785714285714282257e+00 -1.428571428571425628e+01
1.971428571428563536e+00 -2.342857142857138975e+00 -1.428571428571425628e+01
2.391304347826077592e+00 -8.550724637681150764e-01 -1.449275362318838845e+01
1.485714285714276439e+00 -2.857142857142850323e-01 -1.428571428571425983e+01
9.857142857142784376e-01 -1.599999999999996758e+00 -1.428571428571425628e+01
1.857142857142849657e+00 -2.342857142857140751e+00 -1.428571428571427049e+01
2.357142857142848769e+00 -1.042857142857141595e+00 -1.428571428571426871e+01
1.599999999999990985e+00 -2.857142857142853098e-01 -1.428571428571426161e+01
9.857142857142785486e-01 -1.414285714285711260e+00 -1.428571428571425805e+01
1.728571428571421986e+00 -2.342857142857138975e+00 -1.428571428571426516e+01
2.357142857142849213e+00 -1.228571428571427537e+00 -1.428571428571426694e+01
1.728571428571419766e+00 -2.857142857142853098e-01 -1.428571428571426516e+01
9.857142857142778825e-01 -1.228571428571425761e+00 -1.428571428571425450e+01
1.599999999999992539e+00 -2.342857142857138975e+00 -1.428571428571425983e+01
2.357142857142848769e+00 -1.414285714285712814e+00 -1.428571428571426871e+01
1.857142857142848325e+00 -2.857142857142852543e-01 -1.428571428571426161e+01
9.857142857142779935e-01 -1.042857142857140484e+00 -1.428571428571425983e+01
1.485714285714279326e+00 -2.342857142857139419e+00 -1.428571428571426516e+01
2.357142857142848769e+00 -1.599999999999997424e+00 -1.428571428571426338e+01
1.971428571428562426e+00 -2.857142857142853098e-01 -1.428571428571426516e+01
9.999999999999923395e-01 -8.550724637681144102e-01 -1.449275362318838312e+01
1.357142857142851433e+00 -2.342857142857140307e+00 -1.428571428571427404e+01
2.357142857142847880e+00 -1.785714285714282923e+00 -1.428571428571425983e+01
2.099999999999990319e+00 -2.857142857142852543e-01 -1.428571428571426161e+01
9.999999999999918954e-01 -6.666666666666655194e-01 -1.449275362318837423e+01
1.228571428571421320e+00 -2.342857142857137642e+00 -1.428571428571425272e+01
2.357142857142847880e+00 -1.971428571428569310e+00 -1.428571428571426338e+01
2.228571428571418878e+00 -2.857142857142853654e-01 -1.428571428571426338e+01
9.857142857142777714e-01 -4.714285714285706419e-01 -1.428571428571425805e+01
1.099999999999993650e+00 -2.342857142857138975e+00 -1.428571428571426161e+01
2.357142857142849213e+00 -2.157142857142854364e+00 -1.428571428571426694e+01
-3.273972602739722682e+00 5.164383561643816734e+00 -1.369863013698624243e+01
-5.315068493150667095e+00 5.164383561643806964e+00 -1.369863013698622822e+01
-5.243243243243220775e+00 3.581081081081061601e+00 -1.351351351351343588e+01
-3.229729729729726273e+00 3.581081081081067818e+00 -1.351351351351346253e+01
-5.136986301369843133e+00 5.164383561643808740e+00 -1.369863013698623000e+01
-5.243243243243218998e+00 3.716216216216193136e+00 -1.351351351351343233e+01
-3.418918918918914418e+00 3.581081081081065598e+00 -1.351351351351345720e+01
-3.273972602739721793e+00 5.027397260273952284e+00 -1.369863013698624421e+01
-4.945205479452037700e+00 5.164383561643806075e+00 -1.369863013698623000e+01
-5.243243243243223439e+00 3.851351351351331331e+00 -1.351351351351343943e+01
-3.594594594594584525e+00 3.581081081081062489e+00 -1.351351351351344299e+01
-3.229729729729724941e+00 4.810810810810788318e+00 -1.351351351351344654e+01
-4.753424657534231379e+00 5.164383561643806964e+00 -1.369863013698621934e+01
-5.243243243243226992e+00 3.986486486486466863e+00 -1.351351351351345009e+01
-3.783783783783772225e+00 3.581081081081060713e+00 -1.351351351351343588e+01
-3.229729729729725385e+00 4.675675675675654119e+00 -1.351351351351345365e+01
-4.575342465753412746e+00 5.164383561643808740e+00 -1.369863013698623355e+01
-5.315068493150665319e+00 4.191780821917785005e+00 -1.369863013698622822e+01
-3.959459459459450326e+00 3.581081081081064266e+00 -1.351351351351344832e+01
-3.229729729729723164e+00 4.540540540540518144e+00 -1.351351351351344832e+01
-4.383561643835603761e+00 5.164383561643807852e+00 -1.369863013698623533e+01
-5.315068493150663542e+00 4.328767123287643237e+00 -1.369863013698621756e+01
-4.148648648648641135e+00 3.581081081081064710e+00 -1.351351351351345009e+01
-3.229729729729723609e+00 4.405405405405384833e+00 -1.351351351351345187e+01
-4.205479452054786904e+00 5.164383561643812293e+00 -1.369863013698623888e+01
-5.243243243243224327e+00 4.405405405405381281e+00 -1.351351351351343943e+01
-4.324324324324315683e+00 3.581081081081065154e+00 -1.351351351351345187e+01
-3.273972602739723126e+00 4.328767123287654783e+00 -1.369863013698624954e+01
-4.013698630136981471e+00 5.164383561643816734e+00 -1.369863013698624954e+01
-5.243243243243218110e+00 4.540540540540511927e+00 -1.351351351351342522e+01
-4.513513513513502495e+00 3.581081081081066486e+00 -1.351351351351345720e+01
-3.273972602739720905e+00 4.191780821917792110e+00 -1.369863013698623533e+01
-3.835616438356159730e+00 5.164383561643814957e+00 -1.369863013698624243e+01
-5.243243243243223439e+00 4.675675675675649678e+00 -1.351351351351343766e+01
-4.689189189189178819e+00 3.581081081081065154e+00 -1.351351351351345542e+01
-3.229729729729726717e+00 3.986486486486472192e+00 -1.351351351351346608e+01
-3.643835616438351632e+00 5.164383561643813181e+00 -1.369863013698624243e+01
-5.243243243243232321e+00 4.810810810810790983e+00 -1.351351351351345720e+01
-4.878378378378362079e+00 3.581081081081063378e+00 -1.351351351351344299e+01
-3.229729729729724941e+00 3.851351351351336216e+00 -1.351351351351345542e+01
-3.465753424657530335e+00 5.164383561643813181e+00 -1.369863013698624421e+01
-5.315068493150667095e+00 5.027397260273946067e+00 -1.369863013698622645e+01
-5.067567567567548892e+00 3.581081081081060713e+00 -1.351351351351344121e+01
-3.229729729729727161e+00 3.716216216216203350e+00 -1.351351351351346075e+01
2.907894736842099093e+00 -1.947368421052629861e+00 -1.315789473684209554e+01
8.026315789473623674e-01 -1.947368421052628085e+00 -1.315789473684208133e+01
8.026315789473639217e-01 -3.473684210526310157e+00 -1.315789473684208488e+01
2.907894736842099981e+00 -3.473684210526312821e+00 -1.315789473684209376e+01
9.868421052631514145e-01 -1.947368421052628085e+00 -1.315789473684207955e+01
8.026315789473634776e-01 -3.328947368421046438e+00 -1.315789473684208133e+01
2.723684210526309268e+00 -3.473684210526312821e+00 -1.315789473684209021e+01
2.870129870129862759e+00 -2.064935064935062847e+00 -1.298701298701296913e+01
1.184210526315782719e+00 -1.947368421052628085e+00 -1.315789473684207955e+01
8.026315789473635887e-01 -3.197368421052626530e+00 -1.315789473684208311e+01
2.526315789473677853e+00 -3.473684210526311933e+00 -1.315789473684209021e+01
2.907894736842097760e+00 -2.223684210526313709e+00 -1.315789473684209199e+01
1.381578947368415022e+00 -1.947368421052629639e+00 -1.315789473684209021e+01
8.026315789473632556e-01 -3.052631578947363700e+00 -1.315789473684208311e+01
2.328947368421046882e+00 -3.473684210526314597e+00 -1.315789473684209732e+01
2.907894736842100425e+00 -2.368421052631577872e+00 -1.315789473684210442e+01
1.565789473684203736e+00 -1.947368421052628307e+00 -1.315789473684208666e+01
8.026315789473630335e-01 -2.921052631578942016e+00 -1.315789473684208133e+01
2.144736842105257058e+00 -3.473684210526311045e+00 -1.315789473684208666e+01
2.907894736842099537e+00 -2.499999999999999112e+00 -1.315789473684209909e+01
1.763157894736835596e+00 -1.947368421052629195e+00 -1.315789473684208666e+01
8.026315789473628115e-01 -2.776315789473678297e+00 -1.315789473684207600e+01
1.947368421052627196e+00 -3.473684210526313265e+00 -1.315789473684209376e+01
2.907894736842099981e+00 -2.644736842105261942e+00 -1.315789473684209909e+01
1.947368421052624532e+00 -1.947368421052628307e+00 -1.315789473684208843e+01
8.026315789473630335e-01 -2.644736842105258390e+00 -1.315789473684208311e+01
1.763157894736834708e+00 -3.473684210526310157e+00 -1.315789473684207955e+01
2.907894736842099093e+00 -2.776315789473683182e+00 -1.315789473684210087e+01
2.144736842105255281e+00 -1.947368421052629195e+00 -1.315789473684208666e+01
8.026315789473627005e-01 -2.499999999999995115e+00 -1.315789473684207955e+01
1.565789473684205513e+00 -3.473684210526314153e+00 -1.315789473684209554e+01
2.907894736842099537e+00 -2.921052631578945569e+00 -1.315789473684209554e+01
2.328947368421045550e+00 -1.947368421052629417e+00 -1.315789473684209021e+01
8.026315789473621454e-01 -2.368421052631573431e+00 -1.315789473684207422e+01
1.381578947368415689e+00 -3.473684210526310157e+00 -1.315789473684208488e+01
2.907894736842100869e+00 -3.052631578947367252e+00 -1.315789473684209909e+01
2.526315789473676965e+00 -1.947368421052629195e+00 -1.315789473684209021e+01
8.026315789473627005e-01 -2.223684210526311933e+00 -1.315789473684208311e+01
1.184210526315784273e+00 -3.473684210526311045e+00 -1.315789473684208488e+01
2.907894736842099093e+00 -3.197368421052629195e+00 -1.315789473684209732e+01
2.723684210526308380e+00 -1.947368421052630083e+00 -1.315789473684208843e+01
7.922077922077865875e-01 -2.064935064935060183e+00 -1.298701298701296558e+01
9.868421052631533019e-01 -3.473684210526309268e+00 -1.315789473684208311e+01
2.907894736842099981e+00 -3.328947368421050879e+00 -1.315789473684209732e+01
-1.320512820512825591e+00 4.294871794871784942e+00 -1.282051282051278740e+01
-3.384615384615379252e+00 4.294871794871777837e+00 -1.282051282051276786e+01
-3.384615384615379252e+00 3.076923076923065103e+00 -1.282051282051277141e+01
-1.320512820512825591e+00 3.076923076923070433e+00 -1.282051282051279273e+01
-3.192307692307686295e+00 4.294871794871774284e+00 -1.282051282051276075e+01
-3.428571428571420832e+00 3.233766233766219411e+00 -1.298701298701293183e+01
-1.512820512820516994e+00 3.076923076923068656e+00 -1.282051282051278918e+01
-1.337662337662343104e+00 4.246753246753236510e+00 -1.298701298701295315e+01
-3.012820512820513219e+00 4.294871794871781390e+00 -1.282051282051278207e+01
-3.428571428571421720e+00 3.350649350649336000e+00 -1.298701298701293183e+01
-1.705128205128206620e+00 3.076923076923064659e+00 -1.282051282051277141e+01
-1.337662337662341328e+00 4.129870129870114148e+00 -1.298701298701293894e+01
-2.820512820512820262e+00 4.294871794871780502e+00 -1.282051282051277674e+01
-3.384615384615375255e+00 3.410256410256391923e+00 -1.282051282051275365e+01
-1.884615384615386136e+00 3.076923076923065992e+00 -1.282051282051277674e+01
-1.320512820512825369e+00 3.961538461538450129e+00 -1.282051282051278385e+01
-2.628205128205129526e+00 4.294871794871782278e+00 -1.282051282051278207e+01
-3.428571428571422164e+00 3.571428571428554744e+00 -1.298701298701292117e+01
-2.076923076923077982e+00 3.076923076923067324e+00 -1.282051282051278029e+01
-1.337662337662342438e+00 3.909090909090898069e+00 -1.298701298701294782e+01
-2.448717948717949344e+00 4.294871794871780502e+00 -1.282051282051277497e+01
-3.428571428571417723e+00 3.688311688311668668e+00 -1.298701298701291584e+01
-2.256410256410255943e+00 3.076923076923065992e+00 -1.282051282051276964e+01
-1.320512820512825147e+00 3.743589743589731622e+00 -1.282051282051277852e+01
-2.256410256410256387e+00 4.294871794871776949e+00 -1.282051282051276608e+01
-3.384615384615377920e+00 3.743589743589725405e+00 -1.282051282051275898e+01
-2.448717948717948012e+00 3.076923076923065992e+00 -1.282051282051277674e+01
-1.337662337662341105e+00 3.688311688311673109e+00 -1.298701298701294249e+01
-2.076923076923079314e+00 4.294871794871781390e+00 -1.282051282051277674e+01
-3.428571428571424828e+00 3.909090909090895405e+00 -1.298701298701294071e+01
-2.628205128205126861e+00 3.076923076923066880e+00 -1.282051282051277852e+01
-1.337662337662341328e+00 3.571428571428559184e+00 -1.298701298701293716e+01
-1.884615384615387246e+00 4.294871794871781390e+00 -1.282051282051277319e+01
-3.384615384615378364e+00 3.961538461538441247e+00 -1.282051282051275898e+01
-2.820512820512818486e+00 3.076923076923065992e+00 -1.282051282051277319e+01
-1.320512820512825369e+00 3.410256410256401249e+00 -1.282051282051278385e+01
-1.705128205128209062e+00 4.294871794871782278e+00 -1.282051282051278207e+01
-3.428571428571419499e+00 4.129870129870108819e+00 -1.298701298701291940e+01
-3.012820512820508334e+00 3.076923076923064215e+00 -1.282051282051276786e+01
-1.337662337662342438e+00 3.350649350649343106e+00 -1.298701298701295315e+01
-1.512820512820517882e+00 4.294871794871781390e+00 -1.282051282051277852e+01
-3.428571428571422164e+00 4.246753246753228517e+00 -1.298701298701293005e+01
-3.192307692307689848e+00 3.076923076923066880e+00 -1.282051282051278029e+01
-1.337662337662341772e+00 3.233766233766222964e+00 -1.298701298701294427e+01
5.238095238095201722e-01 -3.392857142857138353e+00 -1.190476190476188734e+01
-1.035714285714286031e+00 -3.392857142857133468e+00 -1.190476190476187135e+01
-1.048192771084337060e+00 -5.542168674698784159e+00 -1.204819277108431486e+01
5.301204819277083313e-01 -5.542168674698785047e+00 -1.204819277108431308e+01
-8.928571428571432378e-01 -3.392857142857133912e+00 -1.190476190476187135e+01
-1.048192771084336616e+00 -5.349397590361431476e+00 -1.204819277108430953e+01
3.855421686746960952e-01 -5.542168674698778830e+00 -1.204819277108430242e+01
5.238095238095195061e-01 -3.583333333333324600e+00 -1.190476190476187313e+01
-7.500000000000015543e-01 -3.392857142857137021e+00 -1.190476190476188378e+01
-1.048192771084336172e+00 -5.156626506024080570e+00 -1.204819277108430242e+01
2.530120481927690679e-01 -5.542168674698784159e+00 -1.204819277108431486e+01
5.238095238095201722e-01 -3.773809523809518396e+00 -1.190476190476188556e+01
-6.071428571428583165e-01 -3.392857142857133024e+00 -1.190476190476187313e+01
-1.048192771084336616e+00 -4.963855421686734104e+00 -1.204819277108430775e+01
1.084337349397573452e-01 -5.542168674698785935e+00 -1.204819277108431841e+01
5.238095238095208384e-01 -3.964285714285709084e+00 -1.190476190476188734e+01
-4.642857142857158559e-01 -3.392857142857133468e+00 -1.190476190476186602e+01
-1.048192771084336838e+00 -4.771084337349385862e+00 -1.204819277108430775e+01
-3.614457831325440518e-02 -5.542168674698783271e+00 -1.204819277108430775e+01
5.301204819277078872e-01 -4.192771084337342913e+00 -1.204819277108432019e+01
-3.214285714285737283e-01 -3.392857142857135244e+00 -1.190476190476187668e+01
-1.048192771084337283e+00 -4.578313253012037620e+00 -1.204819277108430953e+01
-1.807228915662660307e-01 -5.542168674698782382e+00 -1.204819277108430775e+01
5.301204819277075542e-01 -4.385542168674691155e+00 -1.204819277108431841e+01
-1.785714285714311567e-01 -3.392857142857136132e+00 -1.190476190476187845e+01
-1.048192771084337283e+00 -4.385542168674691155e+00 -1.204819277108431486e+01
-3.253012048192779337e-01 -5.542168674698785047e+00 -1.204819277108431308e+01
5.301204819277073321e-01 -4.578313253012036732e+00 -1.204819277108430775e+01
-3.571428571428864746e-02 -3.392857142857137465e+00 -1.190476190476188378e+01
-1.048192771084337505e+00 -4.192771084337341136e+00 -1.204819277108431130e+01
-4.698795180722896148e-01 -5.542168674698782382e+00 -1.204819277108431130e+01
5.301204819277077762e-01 -4.771084337349387638e+00 -1.204819277108431308e+01
1.071428571428539867e-01 -3.392857142857137021e+00 -1.190476190476188201e+01
-1.035714285714285587e+00 -3.964285714285703310e+00 -1.190476190476187135e+01
-6.144578313253015178e-01 -5.542168674698784159e+00 -1.204819277108431663e+01
5.301204819277081093e-01 -4.963855421686739433e+00 -1.204819277108432019e+01
2.499999999999966416e-01 -3.392857142857137021e+00 -1.190476190476188378e+01
-1.035714285714285809e+00 -3.773809523809515731e+00 -1.190476190476188201e+01
-7.590361445783124772e-01 -5.542168674698778830e+00 -1.204819277108430597e+01
5.301204819277076652e-01 -5.156626506024085010e+00 -1.204819277108430775e+01
3.809523809523771010e-01 -3.392857142857135688e+00 -1.190476190476187845e+01
-1.035714285714286254e+00 -3.583333333333324600e+00 -1.190476190476187845e+01
-9.036144578313252129e-01 -5.542168674698783271e+00 -1.204819277108431308e+01
5.301204819277081093e-01 -5.349397590361435917e+00 -1.204819277108431663e+01
-4.011904761904751204e+00 3.488095238095222150e+00 -1.190476190476185003e+01
-6.059523809523787108e+00 3.488095238095219486e+00 -1.190476190476184293e+01
-6.059523809523786220e+00 2.154761904761893998e+00 -1.190476190476184648e+01
-4.011904761904749428e+00 2.154761904761893998e+00 -1.190476190476184648e+01
-5.880952380952360947e+00 3.488095238095221262e+00 -1.190476190476185003e+01
-5.988235294117620455e+00 2.247058823529398008e+00 -1.176470588235287451e+01
-4.202380952380943668e+00 2.154761904761896663e+00 -1.190476190476185891e+01
-3.964705882352931532e+00 3.317647058823515405e+00 -1.176470588235288872e+01
-5.690476190476172036e+00 3.488095238095221262e+00 -1.190476190476184826e+01
-5.988235294117623120e+00 2.364705882352928779e+00 -1.176470588235288162e+01
-4.380952380952370717e+00 2.154761904761896218e+00 -1.190476190476185536e+01
-3.964705882352931976e+00 3.199999999999987299e+00 -1.176470588235289227e+01
-5.499999999999980460e+00 3.488095238095222150e+00 -1.190476190476185003e+01
-5.988235294117623120e+00 2.482352941176457772e+00 -1.176470588235287984e+01
-4.571428571428557852e+00 2.154761904761894886e+00 -1.190476190476184826e+01
-3.964705882352936417e+00 3.082352941176460526e+00 -1.176470588235290116e+01
-5.321428571428554299e+00 3.488095238095221262e+00 -1.190476190476184648e+01
-5.988235294117621343e+00 2.599999999999986322e+00 -1.176470588235287806e+01
-4.761904761904747652e+00 2.154761904761895330e+00 -1.190476190476185536e+01
-3.964705882352934196e+00 2.964705882352931088e+00 -1.176470588235289938e+01
-5.130952380952365388e+00 3.488095238095220374e+00 -1.190476190476185003e+01
-6.059523809523790661e+00 2.761904761904749428e+00 -1.190476190476185536e+01
-4.940476190476175589e+00 2.154761904761894886e+00 -1.190476190476185359e+01
-4.011904761904749428e+00 2.880952380952367164e+00 -1.190476190476184470e+01
-4.940476190476172036e+00 3.488095238095219042e+00 -1.190476190476184293e+01
-6.059523809523790661e+00 2.880952380952367164e+00 -1.190476190476185181e+01
-5.130952380952363612e+00 2.154761904761893998e+00 -1.190476190476184648e+01
-4.011904761904752981e+00 2.761904761904750316e+00 -1.190476190476185536e+01
-4.761904761904749428e+00 3.488095238095221706e+00 -1.190476190476184826e+01
-5.988235294117624008e+00 2.964705882352927091e+00 -1.176470588235287984e+01
-5.321428571428556964e+00 2.154761904761895774e+00 -1.190476190476185536e+01
-3.964705882352931976e+00 2.599999999999989431e+00 -1.176470588235289583e+01
-4.571428571428556964e+00 3.488095238095221706e+00 -1.190476190476184648e+01
-5.988235294117624896e+00 3.082352941176456085e+00 -1.176470588235288339e+01
-5.499999999999982236e+00 2.154761904761893998e+00 -1.190476190476184826e+01
-3.964705882352932420e+00 2.482352941176461325e+00 -1.176470588235289583e+01
-4.380952380952371605e+00 3.488095238095224371e+00 -1.190476190476185714e+01
-5.988235294117624896e+00 3.199999999999982858e+00 -1.176470588235288162e+01
-5.690476190476166707e+00 2.154761904761893554e+00 -1.190476190476183938e+01
-3.964705882352932420e+00 2.364705882352931443e+00 -1.176470588235289583e+01
-4.202380952380942780e+00 3.488095238095222150e+00 -1.190476190476185181e+01
-5.988235294117620455e+00 3.317647058823509632e+00 -1.176470588235287096e+01
-5.880952380952353842e+00 2.154761904761892222e+00 -1.190476190476183582e+01
-3.964705882352932420e+00 2.247058823529403337e+00 -1.176470588235289050e+01
2.655172413793096542e+00 -5.057471264367813246e-01 -1.149425287356320879e+01
1.022988505747119747e+00 -5.057471264367808805e-01 -1.149425287356319991e+01
1.011363636363631580e+00 -2.659090909090905175e+00 -1.136363636363634555e+01
2.624999999999994227e+00 -2.659090909090906951e+00 -1.136363636363635266e+01
1.172413793103441515e+00 -5.057471264367809916e-01 -1.149425287356319991e+01
1.011363636363631802e+00 -2.465909090909088164e+00 -1.136363636363634733e+01
2.477272727272722186e+00 -2.659090909090907839e+00 -1.136363636363635798e+01
2.624999999999995115e+00 -7.045454545454541417e-01 -1.136363636363635798e+01
1.321839080459763949e+00 -5.057471264367809916e-01 -1.149425287356320524e+01
1.022988505747121302e+00 -2.287356321839077111e+00 -1.149425287356320169e+01
2.329545454545448369e+00 -2.659090909090906507e+00 -1.136363636363634910e+01
2.624999999999994671e+00 -8.977272727272721520e-01 -1.136363636363636154e+01
1.471264367816084606e+00 -5.057471264367809916e-01 -1.149425287356320347e+01
1.011363636363630913e+00 -2.068181818181815235e+00 -1.136363636363634200e+01
2.181818181818176328e+00 -2.659090909090905175e+00 -1.136363636363635088e+01
2.624999999999994227e+00 -1.090909090909090384e+00 -1.136363636363635621e+01
1.620689655172406818e+00 -5.057471264367808805e-01 -1.149425287356320524e+01
1.011363636363630913e+00 -1.874999999999997335e+00 -1.136363636363634733e+01
2.034090909090902954e+00 -2.659090909090906507e+00 -1.136363636363635088e+01
2.655172413793097430e+00 -1.298850574712643091e+00 -1.149425287356321235e+01
1.770114942528728808e+00 -5.057471264367808805e-01 -1.149425287356320524e+01
1.011363636363631358e+00 -1.681818181818180546e+00 -1.136363636363635266e+01
1.897727272727268044e+00 -2.659090909090907395e+00 -1.136363636363635443e+01
2.655172413793096542e+00 -1.494252873563217232e+00 -1.149425287356321057e+01
1.919540229885049465e+00 -5.057471264367807695e-01 -1.149425287356320169e+01
1.022988505747120636e+00 -1.494252873563216122e+00 -1.149425287356320169e+01
1.749999999999995115e+00 -2.659090909090906507e+00 -1.136363636363635088e+01
2.624999999999993339e+00 -1.681818181818179880e+00 -1.136363636363635443e+01
2.057471264367809027e+00 -5.057471264367809916e-01 -1.149425287356320524e+01
1.022988505747120858e+00 -1.298850574712642203e+00 -1.149425287356320347e+01
1.602272727272722186e+00 -2.659090909090907395e+00 -1.136363636363635443e+01
2.624999999999995559e+00 -1.874999999999999112e+00 -1.136363636363636331e+01
2.206896551724132127e+00 -5.057471264367813246e-01 -1.149425287356320702e+01
1.011363636363630247e+00 -1.090909090909089496e+00 -1.136363636363634555e+01
1.454545454545448813e+00 -2.659090909090905619e+00 -1.136363636363634910e+01
2.624999999999996447e+00 -2.068181818181817899e+00 -1.136363636363636509e+01
2.356321839080453451e+00 -5.057471264367813246e-01 -1.149425287356321057e+01
1.011363636363630469e+00 -8.977272727272712638e-01 -1.136363636363635088e+01
1.306818181818176550e+00 -2.659090909090906063e+00 -1.136363636363634733e+01
2.655172413793098318e+00 -2.287356321839078888e+00 -1.149425287356321235e+01
2.505747126436775218e+00 -5.057471264367813246e-01 -1.149425287356321235e+01
1.011363636363630469e+00 -7.045454545454535866e-01 -1.136363636363634910e+01
1.159090909090904731e+00 -2.659090909090906951e+00 -1.136363636363635621e+01
2.624999999999995115e+00 -2.465909090909089940e+00 -1.136363636363635621e+01
4.204301075268809029e+00 4.204301075268819687e+00 -1.075268817204301008e+01
1.989247311827948117e+00 4.204301075268815246e+00 -1.075268817204300298e+01
1.947368421052623422e+00 1.947368421052629195e+00 -1.052631578947367608e+01
4.115789473684206001e+00 1.947368421052632081e+00 -1.052631578947368673e+01
2.193548387096763364e+00 4.204301075268811694e+00 -1.075268817204299587e+01
1.968085106382970961e+00 2.170212765957445722e+00 -1.063829787234042001e+01
3.915789473684203603e+00 1.947368421052630971e+00 -1.052631578947368496e+01
4.159574468085100563e+00 3.957446808510639347e+00 -1.063829787234042890e+01
2.397849462365580830e+00 4.204301075268813470e+00 -1.075268817204299587e+01
1.968085106382971405e+00 2.372340425531914487e+00 -1.063829787234042179e+01
3.715789473684202981e+00 1.947368421052629861e+00 -1.052631578947367963e+01
4.115789473684202449e+00 3.715789473684212751e+00 -1.052631578947368496e+01
2.591397849462357073e+00 4.204301075268815246e+00 -1.075268817204300653e+01
1.947368421052623644e+00 2.536842105263156011e+00 -1.052631578947367430e+01
3.526315789473676965e+00 1.947368421052630083e+00 -1.052631578947367963e+01
4.159574468085100563e+00 3.563829787234043867e+00 -1.063829787234042890e+01
2.795698924731172763e+00 4.204301075268814358e+00 -1.075268817204300120e+01
1.968085106382969629e+00 2.765957446808508635e+00 -1.063829787234041468e+01
3.326315789473677675e+00 1.947368421052631637e+00 -1.052631578947368496e+01
4.159574468085100563e+00 3.361702127659575989e+00 -1.063829787234042534e+01
2.999999999999988898e+00 4.204301075268813470e+00 -1.075268817204300120e+01
1.968085106382969185e+00 2.968085106382974736e+00 -1.063829787234041468e+01
3.126315789473678830e+00 1.947368421052632526e+00 -1.052631578947368851e+01
4.115789473684206001e+00 3.126315789473685491e+00 -1.052631578947368318e+01
3.193548387096766028e+00 4.204301075268816135e+00 -1.075268817204301186e+01
1.947368421052622312e+00 3.126315789473680162e+00 -1.052631578947366897e+01
2.936842105263151481e+00 1.947368421052630527e+00 -1.052631578947368141e+01
4.159574468085102339e+00 2.968085106382980065e+00 -1.063829787234043422e+01
3.397849462365582163e+00 4.204301075268817023e+00 -1.075268817204300831e+01
1.968085106382970073e+00 3.361702127659569772e+00 -1.063829787234041646e+01
2.736842105263150415e+00 1.947368421052630083e+00 -1.052631578947367608e+01
4.159574468085104115e+00 2.765957446808512188e+00 -1.063829787234043245e+01
3.602150537634399630e+00 4.204301075268817911e+00 -1.075268817204300831e+01
1.968085106382970295e+00 3.563829787234040314e+00 -1.063829787234041646e+01
2.536842105263149794e+00 1.947368421052630305e+00 -1.052631578947367608e+01
4.115789473684207778e+00 2.536842105263160008e+00 -1.052631578947369562e+01
3.795698924731177648e+00 4.204301075268821464e+00 -1.075268817204302074e+01
1.947368421052622312e+00 3.715789473684207422e+00 -1.052631578947367430e+01
2.347368421052622889e+00 1.947368421052629639e+00 -1.052631578947367430e+01
4.159574468085101451e+00 2.372340425531915376e+00 -1.063829787234042534e+01
3.999999999999993339e+00 4.204301075268819687e+00 -1.075268817204301364e+01
1.968085106382967631e+00 3.957446808510629577e+00 -1.063829787234040758e+01
2.147368421052624043e+00 1.947368421052630083e+00 -1.052631578947367785e+01
4.159574468085099674e+00 2.170212765957446166e+00 -1.063829787234042890e+01
4.978947368421043684e+00 3.684210526315788936e+00 -1.052631578947367963e+01
2.894736842105254393e+00 3.684210526315789380e+00 -1.052631578947368141e+01
2.864583333333329040e+00 2.166666666666667851e+00 -1.041666666666666963e+01
4.927083333333329485e+00 2.166666666666666519e+00 -1.041666666666667496e+01
3.084210526315783074e+00 3.684210526315792933e+00 -1.052631578947368673e+01
2.894736842105255281e+00 2.326315789473682560e+00 -1.052631578947367785e+01
4.739583333333330373e+00 2.166666666666668295e+00 -1.041666666666667318e+01
4.978947368421048125e+00 3.547368421052632836e+00 -1.052631578947369206e+01
3.273684210526305094e+00 3.684210526315788048e+00 -1.052631578947367963e+01
2.894736842105255725e+00 2.463157894736840881e+00 -1.052631578947368496e+01
4.552083333333332149e+00 2.166666666666668739e+00 -1.041666666666667496e+01
4.978947368421042796e+00 3.410526315789472296e+00 -1.052631578947367785e+01
3.463157894736830666e+00 3.684210526315786716e+00 -1.052631578947367075e+01
2.894736842105255725e+00 2.600000000000000089e+00 -1.052631578947368318e+01
4.364583333333328596e+00 2.166666666666668295e+00 -1.041666666666666963e+01
4.927083333333329485e+00 3.239583333333334814e+00 -1.041666666666667673e+01
3.652631578947360680e+00 3.684210526315788048e+00 -1.052631578947367963e+01
2.864583333333325044e+00 2.697916666666665630e+00 -1.041666666666666075e+01
4.177083333333328596e+00 2.166666666666667407e+00 -1.041666666666667318e+01
4.927083333333332149e+00 3.104166666666670515e+00 -1.041666666666668029e+01
3.842105263157888029e+00 3.684210526315788492e+00 -1.052631578947368496e+01
2.864583333333327708e+00 2.833333333333334814e+00 -1.041666666666667140e+01
3.989583333333332149e+00 2.166666666666669627e+00 -1.041666666666667496e+01
4.927083333333331261e+00 2.968750000000001776e+00 -1.041666666666667673e+01
4.031578947368416266e+00 3.684210526315790268e+00 -1.052631578947369029e+01
2.864583333333323711e+00 2.968749999999997780e+00 -1.041666666666666252e+01
3.802083333333325488e+00 2.166666666666665186e+00 -1.041666666666666252e+01
4.927083333333332149e+00 2.833333333333335258e+00 -1.041666666666667496e+01
4.221052631578938730e+00 3.684210526315789824e+00 -1.052631578947368496e+01
2.864583333333325488e+00 3.104166666666665630e+00 -1.041666666666666252e+01
3.614583333333327264e+00 2.166666666666666519e+00 -1.041666666666666785e+01
4.927083333333329485e+00 2.697916666666667407e+00 -1.041666666666667318e+01
4.410526315789464746e+00 3.684210526315790268e+00 -1.052631578947368318e+01
2.864583333333321491e+00 3.239583333333329929e+00 -1.041666666666665719e+01
3.427083333333326376e+00 2.166666666666666519e+00 -1.041666666666666430e+01
4.978947368421050790e+00 2.600000000000002309e+00 -1.052631578947369562e+01
4.599999999999995204e+00 3.684210526315791157e+00 -1.052631578947369206e+01
2.894736842105255281e+00 3.410526315789473184e+00 -1.052631578947367608e+01
3.239583333333325488e+00 2.166666666666665630e+00 -1.041666666666666252e+01
4.978947368421050790e+00 2.463157894736844433e+00 -1.052631578947369384e+01
4.789473684210522997e+00 3.684210526315791601e+00 -1.052631578947369206e+01
2.894736842105253505e+00 3.547368421052631948e+00 -1.052631578947368141e+01
3.052083333333327708e+00 2.166666666666666519e+00 -1.041666666666666963e+01
4.978947368421051678e+00 2.326315789473687889e+00 -1.052631578947369562e+01
4.525773195876286792e+00 6.185567010309284824e-02 -1.030927835051546992e+01
2.896907216494839510e+00 6.185567010309284131e-02 -1.030927835051545927e+01
2.896907216494842618e+00 -2.113402061855670144e+00 -1.030927835051545927e+01
4.525773195876287680e+00 -2.113402061855670588e+00 -1.030927835051546815e+01
3.041237113402055936e+00 6.185567010309271641e-02 -1.030927835051546104e+01
2.896907216494841730e+00 -1.917525773195876360e+00 -1.030927835051546282e+01
4.381443298969071698e+00 -2.113402061855671032e+00 -1.030927835051546992e+01
4.525773195876287680e+00 -1.340206185567010266e-01 -1.030927835051546992e+01
3.195876288659789122e+00 6.185567010309279273e-02 -1.030927835051546104e+01
2.927083333333329040e+00 -1.729166666666665853e+00 -1.041666666666666252e+01
4.226804123711339400e+00 -2.113402061855671477e+00 -1.030927835051546815e+01
4.572916666666664298e+00 -3.333333333333334259e-01 -1.041666666666667496e+01
3.340206185567005992e+00 6.185567010309267477e-02 -1.030927835051546460e+01
2.927083333333330373e+00 -1.531250000000000000e+00 -1.041666666666666607e+01
4.082474226804123418e+00 -2.113402061855671032e+00 -1.030927835051546992e+01
4.572916666666664298e+00 -5.312500000000004441e-01 -1.041666666666667318e+01
3.484536082474220198e+00 6.185567010309250824e-02 -1.030927835051546460e+01
2.896907216494841286e+00 -1.319587628865978912e+00 -1.030927835051546282e+01
3.927835051546387568e+00 -2.113402061855671032e+00 -1.030927835051546637e+01
4.525773195876285904e+00 -7.319587628865982243e-01 -1.030927835051546815e+01
3.639175257731954716e+00 6.185567010309275804e-02 -1.030927835051546282e+01
2.896907216494841286e+00 -1.123711340206185572e+00 -1.030927835051546282e+01
3.783505154639174251e+00 -2.113402061855671032e+00 -1.030927835051546992e+01
4.525773195876286792e+00 -9.278350515463924530e-01 -1.030927835051546815e+01
3.783505154639170254e+00 6.185567010309283437e-02 -1.030927835051546282e+01
2.896907216494839954e+00 -9.278350515463916759e-01 -1.030927835051546460e+01
3.639175257731956492e+00 -2.113402061855671032e+00 -1.030927835051546637e+01
4.525773195876287680e+00 -1.123711340206186238e+00 -1.030927835051546992e+01
3.927835051546388900e+00 6.185567010309286212e-02 -1.030927835051546815e+01
2.896907216494839066e+00 -7.319587628865973361e-01 -1.030927835051545749e+01
3.484536082474224639e+00 -2.113402061855671032e+00 -1.030927835051546637e+01
4.525773195876286792e+00 -1.319587628865979800e+00 -1.030927835051546637e+01
4.082474226804121642e+00 6.185567010309285518e-02 -1.030927835051547348e+01
2.927083333333328152e+00 -5.312499999999998890e-01 -1.041666666666666252e+01
3.340206185567007768e+00 -2.113402061855671032e+00 -1.030927835051546992e+01
4.572916666666666963e+00 -1.531250000000001110e+00 -1.041666666666667496e+01
4.226804123711336736e+00 6.185567010309264702e-02 -1.030927835051546460e+01
2.927083333333328596e+00 -3.333333333333332593e-01 -1.041666666666666607e+01
3.195876288659790898e+00 -2.113402061855669700e+00 -1.030927835051546282e+01
4.572916666666667851e+00 -1.729166666666668073e+00 -1.041666666666667496e+01
4.381443298969069922e+00 6.185567010309291763e-02 -1.030927835051547170e+01
2.896907216494839954e+00 -1.340206185567009434e-01 -1.030927835051545927e+01
3.041237113402059933e+00 -2.113402061855670588e+00 -1.030927835051546815e+01
4.525773195876290345e+00 -1.917525773195877470e+00 -1.030927835051547170e+01
-1.204081632653060563e+00 -2.489795918367340377e+00 -1.020408163265303259e+01
-3.397959183673461947e+00 -2.489795918367338601e+00 -1.020408163265302903e+01
-3.397959183673459282e+00 -3.897959183673456174e+00 -1.020408163265302726e+01
-1.204081632653059675e+00 -3.897959183673458838e+00 -1.020408163265303081e+01
-3.204081632653053013e+00 -2.489795918367339489e+00 -1.020408163265302726e+01
-3.397959183673460615e+00 -3.775510204081620191e+00 -1.020408163265302726e+01
-1.408163265306121792e+00 -3.897959183673461947e+00 -1.020408163265304502e+01
-1.204081632653061451e+00 -2.622448979591830209e+00 -1.020408163265303614e+01
-2.999999999999995115e+00 -2.489795918367339045e+00 -1.020408163265303436e+01
-3.397959183673458394e+00 -3.642857142857128583e+00 -1.020408163265302370e+01
-1.602040816326530059e+00 -3.897959183673461503e+00 -1.020408163265304324e+01
-1.204081632653061229e+00 -2.744897959183666636e+00 -1.020408163265303436e+01
-2.806122448979585737e+00 -2.489795918367338601e+00 -1.020408163265302548e+01
-3.397959183673460615e+00 -3.520408163265294377e+00 -1.020408163265302548e+01
-1.806122448979591066e+00 -3.897959183673462391e+00 -1.020408163265304324e+01
-1.204081632653061451e+00 -2.877551020408156912e+00 -1.020408163265303791e+01
-2.602040816326526063e+00 -2.489795918367339045e+00 -1.020408163265303081e+01
-3.397959183673461503e+00 -3.387755102040807209e+00 -1.020408163265303436e+01
-2.010204081632648965e+00 -3.897959183673459727e+00 -1.020408163265303259e+01
-1.204081632653061229e+00 -2.999999999999992450e+00 -1.020408163265303791e+01
-2.408163265306118905e+00 -2.489795918367339933e+00 -1.020408163265303259e+01
-3.397959183673459727e+00 -3.265306122448967230e+00 -1.020408163265302548e+01
-2.204081632653058342e+00 -3.897959183673461059e+00 -1.020408163265303614e+01
-1.204081632653061229e+00 -3.132653061224484059e+00 -1.020408163265303791e+01
-2.204081632653057898e+00 -2.489795918367339933e+00 -1.020408163265303081e+01
-3.397959183673459282e+00 -3.132653061224478286e+00 -1.020408163265301837e+01
-2.408163265306119349e+00 -3.897959183673459727e+00 -1.020408163265303791e+01
-1.204081632653060119e+00 -3.265306122448971227e+00 -1.020408163265303259e+01
-2.010204081632650741e+00 -2.489795918367340377e+00 -1.020408163265303259e+01
-3.397959183673463279e+00 -2.999999999999990674e+00 -1.020408163265303259e+01
-2.602040816326524286e+00 -3.897959183673457950e+00 -1.020408163265303081e+01
-1.204081632653060785e+00 -3.387755102040808985e+00 -1.020408163265303969e+01
-1.806122448979590178e+00 -2.489795918367341265e+00 -1.020408163265303614e+01
-3.397959183673461947e+00 -2.877551020408154692e+00 -1.020408163265302726e+01
-2.806122448979584405e+00 -3.897959183673456618e+00 -1.020408163265302726e+01
-1.204081632653060785e+00 -3.520408163265298818e+00 -1.020408163265303436e+01
-1.602040816326528949e+00 -2.489795918367340821e+00 -1.020408163265303436e+01
-3.397959183673460171e+00 -2.744897959183664415e+00 -1.020408163265302548e+01
-2.999999999999990230e+00 -3.897959183673453065e+00 -1.020408163265301837e+01
-1.204081632653060563e+00 -3.642857142857135688e+00 -1.020408163265303969e+01
-1.408163265306122236e+00 -2.489795918367341265e+00 -1.020408163265303969e+01
-3.397959183673460171e+00 -2.622448979591828877e+00 -1.020408163265303081e+01
-3.204081632653054790e+00 -3.897959183673457950e+00 -1.020408163265303614e+01
-1.204081632653061229e+00 -3.775510204081626853e+00 -1.020408163265304502e+01
