9.961717652572343873e-02 -2.132906304902560390e-01 1.277136190389459136e+00
2.137014458579237219e-01 -2.136721410707231872e-01 1.319156754431766609e+00
2.136982590689549266e-01 -1.263940894004103310e-01 1.319180827120022936e+00
9.962162565710919182e-02 -1.265263171304054357e-01 1.277158842872385902e+00
2.039667222152656278e-01 -2.131330244699408960e-01 1.315933676190424340e+00
2.137092997995625188e-01 -1.346047794966286626e-01 1.319181513996125155e+00
1.102553039657838962e-01 -1.266249156341892612e-01 1.282170136532968296e+00
9.962115092828807694e-02 -2.056905679561898126e-01 1.277139409150389815e+00
1.929101399749684753e-01 -2.138751809477760779e-01 1.312328452691325920e+00
2.136956231173315623e-01 -1.422080309346910321e-01 1.319175584159895998e+00
1.208170414607673965e-01 -1.271855908058827922e-01 1.285311370189267111e+00
9.958791934108410238e-02 -1.974623442741810231e-01 1.277129402427965577e+00
1.829982150240823391e-01 -2.130469713909076968e-01 1.307137407312165100e+00
2.137080405448844311e-01 -1.504186002550779444e-01 1.319176644377816565e+00
1.314146883192494342e-01 -1.264611053485766301e-01 1.288303982663355107e+00
9.959268658964534615e-02 -1.898622137954188993e-01 1.277133016095914453e+00
1.722444433289756216e-01 -2.139670139692965989e-01 1.304899390032413953e+00
2.136928340668223514e-01 -1.580218008959925480e-01 1.319170300779218374e+00
1.420191844118955105e-01 -1.263651609117312780e-01 1.291139009608828214e+00
9.963190522910668478e-02 -1.816234568912392933e-01 1.277148872953637548e+00
1.624261428583340383e-01 -2.130832888026677752e-01 1.299419883574942425e+00
2.137066261492586994e-01 -1.662322461774909665e-01 1.319171733779156197e+00
1.517406908787482245e-01 -1.271748278833624290e-01 1.296904179432702309e+00
9.963472233319263516e-02 -1.740232390432419063e-01 1.277151630933988757e+00
1.517324751981189435e-01 -2.139473717239347705e-01 1.296878837563261833e+00
2.136898914308276443e-01 -1.738353998880383111e-01 1.319164976857893690e+00
1.624191389772149940e-01 -1.270477368421653319e-01 1.299440492083352661e+00
9.960595477287839672e-02 -1.657948826634448036e-01 1.277143733404801695e+00
1.420213082159595963e-01 -2.130086203554234781e-01 1.291117373714331773e+00
2.137050559664195881e-01 -1.820457178767394824e-01 1.319166782027291207e+00
1.722492563785535669e-01 -1.265565937064672686e-01 1.304924486293598695e+00
9.960956674191816240e-02 -1.581945937562404814e-01 1.277146888114576218e+00
1.314019623730324215e-01 -2.138162870417546213e-01 1.288277673620553232e+00
2.136867947626475972e-01 -1.896488285168395072e-01 1.319159612287320815e+00
1.829877242117037006e-01 -1.263996427930412503e-01 1.307157846055528871e+00
9.961290098769054469e-02 -1.505942670282589824e-01 1.277149932376816510e+00
1.208154413723594722e-01 -2.133299895713700045e-01 1.285289210008127014e+00
2.137033293908453258e-01 -1.978590159684383287e-01 1.319161788961205506e+00
1.929100547074858729e-01 -1.271414673647347504e-01 1.312352569194299656e+00
9.961595736375254695e-02 -1.429939025599311908e-01 1.277152866096318728e+00
1.102230662353838736e-01 -2.134563329127962261e-01 1.282137076502114281e+00
2.136835436555895862e-01 -2.054620873904726419e-01 1.319154206970411636e+00
2.039777553170733504e-01 -1.264343972765967494e-01 1.315961203276205138e+00
9.961917176443646493e-02 -1.341267630892120921e-01 1.277156148941955172e+00
-2.049747202904824983e-01 3.032791435091850563e-01 1.164842731867741676e+00
-9.038808682594304256e-02 3.030840016265530790e-01 1.205712320798344672e+00
-9.039272432962887349e-02 3.813342351754575033e-01 1.205724263104618776e+00
-2.050344301424938398e-01 3.818254867144424969e-01 1.164818618773296954e+00
-1.010133851400864397e-01 3.031475213514406297e-01 1.202630297713724650e+00
-9.036078650677575874e-02 3.744074713811880728e-01 1.205738148771019924e+00
-1.938855465169672110e-01 3.812708850846735498e-01 1.168266952502458267e+00
-2.049806075491132085e-01 3.101895406586590020e-01 1.164840335900740653e+00
-1.113956695389532736e-01 3.027674711868372226e-01 1.197589725069864164e+00
-9.039885604984841672e-02 3.668162488823921707e-01 1.205718704929377383e+00
-1.840231421115596233e-01 3.816247910440955793e-01 1.172520446354091694e+00
-2.049867636730970111e-01 3.170999261365994304e-01 1.164837753117172303e+00
-1.217577024654312723e-01 3.028201552587422296e-01 1.194287857295831756e+00
-9.036806851198228574e-02 3.598894684092792118e-01 1.205732076866547153e+00
-1.740659270157311755e-01 3.819293709752196175e-01 1.176650336666621666e+00
-2.049931882099017555e-01 3.240102986407701890e-01 1.164834983945152613e+00
-1.321522393132367190e-01 3.027612877230778099e-01 1.190800543283120350e+00
-9.040459668958571171e-02 3.522984083432633695e-01 1.205713331513719400e+00
-1.627751583758718368e-01 3.811140355699999538e-01 1.179611144401306433e+00
-2.049395726287228658e-01 3.316073683347935952e-01 1.164866919589644834e+00
-1.424680749342238928e-01 3.026611679477321792e-01 1.187181867934374413e+00
-9.043373624145410739e-02 3.459725651222115284e-01 1.205697979489605220e+00
-1.526419826431638094e-01 3.813184613707809589e-01 1.183478731207024737e+00
-2.049978375884725090e-01 3.390972284055485120e-01 1.164834415877699758e+00
-1.526463518187467228e-01 3.031958694631759488e-01 1.183463855673513754e+00
-9.040423325723900838e-02 3.390458586945152564e-01 1.205711126338528727e+00
-1.424238690193279921e-01 3.814731933763543803e-01 1.187218198846456962e+00
-2.050049252136146305e-01 3.460075836831476015e-01 1.164831205475163722e+00
-1.627954332582428054e-01 3.030155073714334013e-01 1.179587621509530448e+00
-9.043779280700384171e-02 3.314550001504579790e-01 1.205693374397088791e+00
-1.321241270547963143e-01 3.815781231272843410e-01 1.190828154522718618e+00
-2.050122794216465150e-01 3.529179213399205595e-01 1.164827810327448754e+00
-1.741260877861146861e-01 3.025159593167464633e-01 1.176604942079653382e+00
-9.040944728685146314e-02 3.245282792396398941e-01 1.205706006720741907e+00
-1.217461250614185198e-01 3.816331752356421636e-01 1.194307290008316924e+00
-2.049548195003944862e-01 3.605157141309740521e-01 1.164862577005092215e+00
-1.840434688239501460e-01 3.029356019200178385e-01 1.172497104209334839e+00
-9.044145293766001070e-02 3.169375745138895417e-01 1.205688955990176892e+00
-1.113643550903925389e-01 3.809696881543766511e-01 1.197619209474148461e+00
-2.049616070196605411e-01 3.674262170762626067e-01 1.164859686890986179e+00
-1.939214811985877085e-01 3.026341314772091340e-01 1.168234640171058381e+00
-9.041426795111970338e-02 3.100108414595306172e-01 1.205701072730774426e+00
-1.010012856663132091e-01 3.814298838536964720e-01 1.202650071592603176e+00
-2.049686606510713049e-01 3.743367028234157456e-01 1.164856611832532085e+00
2.681919347248594432e-02 -1.548277644500282435e-01 1.166796957815896985e+00
1.113136132006512236e-01 -1.548175345701345573e-01 1.196686408442094063e+00
1.112901182333100730e-01 -3.801085785985324622e-02 1.196702786069893332e+00
2.683819247315521322e-02 -3.860391151459410114e-02 1.166826452332385466e+00
1.038657899897397346e-01 -1.548327335970555718e-01 1.194079314861148156e+00
1.112882723462083612e-01 -4.873879837210144672e-02 1.196699803887698588e+00
3.507355545794887258e-02 -3.858654696989492067e-02 1.169116247203726422e+00
2.683742474136310494e-02 -1.447032190888289105e-01 1.166806797242738281e+00
9.540156032888613691e-02 -1.550071551879465548e-01 1.192532900581248834e+00
1.112861342836246603e-01 -5.946666431649875323e-02 1.196696710888357051e+00
4.220439914693131095e-02 -3.860797846269871381e-02 1.172370791188617423e+00
2.682760517238483647e-02 -1.339690549370671779e-01 1.166804486309024558e+00
8.794625371197484220e-02 -1.548233967379606668e-01 1.188229545110952357e+00
1.112837039406354284e-01 -7.019445563314595515e-02 1.196693507052990713e+00
4.937145535932444679e-02 -3.862709536606730165e-02 1.175557332551162348e+00
2.681946648675779046e-02 -1.232348284406615258e-01 1.166802653292958514e+00
8.058330983704473094e-02 -1.547976398092522354e-01 1.185393667775898940e+00
1.112809812504420848e-01 -8.092217226283250631e-02 1.196690192381310913e+00
5.769976935867657947e-02 -3.860193589063985742e-02 1.177607915746899048e+00
2.681301132169077936e-02 -1.125005412719992381e-01 1.166801298351897831e+00
7.330874398159810401e-02 -1.547665328819784747e-01 1.182510016154161736e+00
1.112954481722906591e-01 -9.105151858661042485e-02 1.196693724981142459e+00
6.493161836467217785e-02 -3.861618455089681212e-02 1.180647430220253424e+00
2.684576418384514510e-02 -1.017924385772382007e-01 1.166818014757769806e+00
6.494603460134500128e-02 -1.548956447254208890e-01 1.180630638449706726e+00
1.112941871671859900e-01 -1.017790972950210482e-01 1.196691017233951104e+00
7.331912411242402783e-02 -3.799455149783450419e-02 1.182537128285316985e+00
2.683810565498833192e-02 -9.105804539908318729e-02 1.166816860325455840e+00
5.767193020664518333e-02 -1.548298957179781998e-01 1.177573835450722362e+00
1.112926325874798034e-01 -1.125066020795020827e-01 1.196688198091262034e+00
8.060989565571004267e-02 -3.800248947038311481e-02 1.185427707687514820e+00
2.683213343977481832e-02 -8.032358677141765435e-02 1.166816185444013776e+00
4.936097022684584473e-02 -1.549351659075182963e-01 1.175530950468073543e+00
1.112907843920032391e-01 -1.232340328788783801e-01 1.196685267546139686e+00
8.793012251077889085e-02 -3.800813358185430729e-02 1.188247395916742777e+00
2.684106926568603779e-02 -7.019846305274358989e-02 1.166821869765936937e+00
4.221008598355222713e-02 -1.548623169209096817e-01 1.172351360465607728e+00
1.112886425778208122e-01 -1.339613896325239362e-01 1.196682225610322670e+00
9.540336003382694774e-02 -3.805422716177432607e-02 1.192557618690331722e+00
2.683608918265310839e-02 -5.946388600184294992e-02 1.166821749060684033e+00
3.506670148308475149e-02 -1.553644889527695250e-01 1.169091788565073120e+00
1.112862071801968278e-01 -1.446886722804940351e-01 1.196679072314171588e+00
1.038853648149189873e-01 -3.801248572494769773e-02 1.194111003431329809e+00
2.683279919028959751e-02 -4.872924355361833021e-02 1.166822108588892570e+00
-1.618319024501238823e-01 3.286571545077210943e-01 1.064493548734456674e+00
-5.402883813065453844e-02 3.288439108869324889e-01 1.102973626614214941e+00
-5.405688369323899400e-02 4.146337896741590368e-01 1.102971991793776585e+00
-1.617241146805191154e-01 4.147815033555100062e-01 1.064565604332723181e+00
-6.373836440634512990e-02 3.282993437376221513e-01 1.099908835940474283e+00
-5.396178389053378488e-02 4.065593748138260355e-01 1.103016729637845028e+00
-1.515818364305501764e-01 4.148948995917282612e-01 1.067973278461692210e+00
-1.617641423412566892e-01 3.368038587379322268e-01 1.064534168544201798e+00
-7.344184281520603486e-02 3.282633561408553335e-01 1.096703398506984062e+00
-5.401545783295676195e-02 3.984190725631019947e-01 1.102989952669112483e+00
-1.413557162650803944e-01 4.149535254600716372e-01 1.071260703265031644e+00
-1.617572760589184033e-01 3.443157546439571393e-01 1.064538916032488958e+00
-8.295289909575892517e-02 3.277799880624457929e-01 1.091815791914877209e+00
-5.399214969772382633e-02 3.908930582962733546e-01 1.103000076274778030e+00
-1.322906619862223299e-01 4.147092576620626803e-01 1.075190666700737374e+00
-1.618054727693389594e-01 3.523562530370023538e-01 1.064511824638040505e+00
-9.244368064267446949e-02 3.282801535518415359e-01 1.088414523670478529e+00
-5.396965222224366782e-02 3.833669656903441747e-01 1.103009648207671667e+00
-1.218363633550049174e-01 4.141286227108104678e-01 1.078280096972435986e+00
-1.617992749265009800e-01 3.598681375329708110e-01 1.064516276745980816e+00
-1.030833851543888346e-01 3.284301802713885943e-01 1.085704949046352841e+00
-5.402032384393411213e-02 3.752270235697713896e-01 1.102984313169526054e+00
-1.125322542425288286e-01 4.144135764734108718e-01 1.082033909996037213e+00
-1.617928133016958980e-01 3.673800839896138037e-01 1.064520870648949069e+00
-1.124932388278569312e-01 3.282277753795441178e-01 1.082044230779016791e+00
-5.399831999766510626e-02 3.677009984136458409e-01 1.102993812646627436e+00
-1.031505207271842944e-01 4.146491337521765463e-01 1.085680547647639882e+00
-1.617751197311213529e-01 3.760561022600613645e-01 1.064532108453258630e+00
-1.218250503515389827e-01 3.279846749991874866e-01 1.078275975373834239e+00
-5.404629351067519877e-02 3.595612639971927926e-01 1.102969442941932110e+00
-9.247374933021050569e-02 4.139015280476420755e-01 1.088410513306877325e+00
-1.617678909277527333e-01 3.835682108042655081e-01 1.064537104664998290e+00
-1.321813853711185094e-01 3.286321935190332222e-01 1.075241170718491457e+00
-5.402478406079436885e-02 3.520353040589498939e-01 1.102978871115326331e+00
-8.294811363809881377e-02 4.140331889214666772e-01 1.091829627386918355e+00
-1.617604007433680324e-01 3.910803848368887836e-01 1.064542241776814668e+00
-1.413514910684600390e-01 3.283072502924769820e-01 1.071253023580622576e+00
-5.400409218267762657e-02 3.445092738778721686e-01 1.102987743053654990e+00
-7.346928667909165267e-02 4.146252700702383609e-01 1.096701393402395697e+00
-1.618149765611532620e-01 3.991200620440122360e-01 1.064511216581328856e+00
-1.516081216351988781e-01 3.282402435463506740e-01 1.067948711485074753e+00
-5.404903235556689917e-02 3.363698760019566691e-01 1.102964826039373403e+00
-6.379452931298347507e-02 4.146544447110990239e-01 1.099893308643390188e+00
-1.618081456381236793e-01 4.066322143296546843e-01 1.064516062183932021e+00
3.676677460266011138e-02 3.042399047068318207e-01 1.112650147987120253e+00
1.487584813852318999e-01 3.043483298551474814e-01 1.153252851288683711e+00
1.487276442349205752e-01 3.836988081468776790e-01 1.153258077762504774e+00
3.674949348906229180e-02 3.841159237178124464e-01 1.112656070917804385e+00
1.390261963885274232e-01 3.035611228834968478e-01 1.148728879047576479e+00
1.488112081107650364e-01 3.762702979163207173e-01 1.153284909544827430e+00
4.689598603461730270e-02 3.840933604152740877e-01 1.116086833589261307e+00
3.672827002996072870e-02 3.116471308621370229e-01 1.112635536437346584e+00
1.282680104871173066e-01 3.036365501944908729e-01 1.145077938780305837e+00
1.488190918619187453e-01 3.694192042884005267e-01 1.153286114068448942e+00
5.716940063716948600e-02 3.834598234551771512e-01 1.119415400807453942e+00
3.674718824867333200e-02 3.184988262589956709e-01 1.112644493669031398e+00
1.187339756917537154e-01 3.036636627911716291e-01 1.141700665779048274e+00
1.487564967172793629e-01 3.620037217676779218e-01 1.153263698819382288e+00
6.742277671659453742e-02 3.833313898127803654e-01 1.122583630881697436e+00
3.670657100687298863e-02 3.259059800172062205e-01 1.112628666352095896e+00
1.081334958716038269e-01 3.042207627890606836e-01 1.137786186408613176e+00
1.488351265827242143e-01 3.545752784099442390e-01 1.153288302272691856e+00
7.781501152414116440e-02 3.835732012829989324e-01 1.127071798282089476e+00
3.672577916072974902e-02 3.327577730988822147e-01 1.112637891956852032e+00
9.765022425121823446e-02 3.044907481416149753e-01 1.135148822911393074e+00
1.487744834927222093e-01 3.471598966609960590e-01 1.153266841971228196e+00
8.712755494490766195e-02 3.837408822788803686e-01 1.130947030831821465e+00
3.674924380255613354e-02 3.407515713484988162e-01 1.112648948355752010e+00
8.709781357031937121e-02 3.043844828882992237e-01 1.130921658945013952e+00
1.487823016861452297e-01 3.403089504166150747e-01 1.153268098649916418e+00
9.764792342302609784e-02 3.838728765346005045e-01 1.135162484477356903e+00
3.677025834637744767e-02 3.476034318672045487e-01 1.112658676578348604e+00
7.776032789694149738e-02 3.042482885282282723e-01 1.127036818231038184e+00
1.487898135266846056e-01 3.334580358391171506e-01 1.153269232238801179e+00
1.081024441208607023e-01 3.835326330094465108e-01 1.137789796059916370e+00
3.672635787088689152e-02 3.550106520944867894e-01 1.112641716837108330e+00
6.739398197962147286e-02 3.034906935730539712e-01 1.122558717793326055e+00
1.487981891631539322e-01 3.254653423028628922e-01 1.153270398667202823e+00
1.187300723511979794e-01 3.835514005539102933e-01 1.141714333731480346e+00
3.674766017437584159e-02 3.618626138447174068e-01 1.112651711253852538e+00
5.711218292331796120e-02 3.035878006381447225e-01 1.119379373543559320e+00
1.488050347339536228e-01 3.186144966332354334e-01 1.153271264235633087e+00
1.282386194176403926e-01 3.835188669608682321e-01 1.145082966473670583e+00
3.670166735691053617e-02 3.692697434199626039e-01 1.112633549716345760e+00
4.688207200361556998e-02 3.036420897788316697e-01 1.116067891095626097e+00
1.487510347563359980e-01 3.111990980856262357e-01 1.153251664424680190e+00
1.389642690334573771e-01 3.834275820010443203e-01 1.148723189711315484e+00
3.672325861834020710e-02 3.761218077811128713e-01 1.112643809723975696e+00
-1.925753532540010471e-01 2.128202924753424818e-01 1.013545353723538822e+00
-1.075382980402070643e-01 2.121236424201370929e-01 1.044170317939679071e+00
-1.075333879384492985e-01 3.332536235249212719e-01 1.044186001238103678e+00
-1.925824748536102693e-01 3.333877517632800602e-01 1.013550469810442278e+00
-1.155508233646723310e-01 2.125825277567486016e-01 1.041123444306063295e+00
-1.075571856344864213e-01 3.225800900563945972e-01 1.044171835746956933e+00
-1.848471742399027951e-01 3.334326802457218131e-01 1.015798656023237712e+00
-1.925744898218935131e-01 2.239858964003174080e-01 1.013546793367033461e+00
-1.225638739092432539e-01 2.130994957504334375e-01 1.038769383828089587e+00
-1.075281389031713802e-01 3.113873354966348872e-01 1.044186487814585895e+00
-1.773998571738224783e-01 3.332585561516323014e-01 1.019469853092776823e+00
-1.925377198661123446e-01 2.346467454632417404e-01 1.013570327694864881e+00
-1.304754231504130779e-01 2.123946788983448464e-01 1.035576897806769869e+00
-1.075506175656403413e-01 3.007140765573110830e-01 1.044173110025078177e+00
-1.695591674722159992e-01 3.332493252829949459e-01 1.021584666909918448e+00
-1.925349589513718207e-01 2.458126738401461009e-01 1.013572938665411094e+00
-1.385258157585501637e-01 2.130672132458294732e-01 1.033827633869656148e+00
-1.075237079180272615e-01 2.895212014172580117e-01 1.044186506029103789e+00
-1.619220302663039457e-01 3.336398860482930329e-01 1.025154055164028133e+00
-1.925799775560866067e-01 2.563545398666902120e-01 1.013545896100464860e+00
-1.463260709610336163e-01 2.123250738037678886e-01 1.030487752717024197e+00
-1.075448641183888165e-01 2.788482072812914492e-01 1.044173918740543439e+00
-1.540445146167517820e-01 3.329561501372422794e-01 1.027095873679895854e+00
-1.925790540495434522e-01 2.675203602505210609e-01 1.013547377495871427e+00
-1.540554964965316354e-01 2.126923491679411082e-01 1.027078310003574080e+00
-1.075201026965034168e-01 2.676552308849284856e-01 1.044186051249142544e+00
-1.462859327216674832e-01 3.332878032103120947e-01 1.030522369439016428e+00
-1.925780187653880204e-01 2.786862486860015031e-01 1.013548928859894893e+00
-1.619287711329798762e-01 2.128020969095829884e-01 1.025138736755024649e+00
-1.075399332664123547e-01 2.569824917468015446e-01 1.044174257046571741e+00
-1.385161081418274376e-01 3.341020209925306128e-01 1.033845029501193391e+00
-1.925768716646847067e-01 2.898522060942551049e-01 1.013550550221064661e+00
-1.695773248543916978e-01 2.125152884097218919e-01 1.021563156481251289e+00
-1.075173304827404253e-01 2.457894336607218122e-01 1.044185119148095975e+00
-1.304957156713496547e-01 3.333402316770134322e-01 1.035577371243268541e+00
-1.925300816497755862e-01 3.005147037829700718e-01 1.013580511436776410e+00
-1.773851818923035117e-01 2.131020583302060956e-01 1.019468717284200743e+00
-1.074965880597167078e-01 2.345962255811133435e-01 1.044194586698999005e+00
-1.225613582072218599e-01 3.335833924613268442e-01 1.038783155228681698e+00
-1.925270554418633262e-01 3.116810451409123828e-01 1.013583293010710262e+00
-1.848727205284833586e-01 2.122676732127027621e-01 1.015772845431782478e+00
-1.075585641133859488e-01 2.233166454131323142e-01 1.044160431758359930e+00
-1.155112546245904842e-01 3.336783763245921852e-01 1.041157670079540853e+00
-1.925836903930670807e-01 3.222215758913909434e-01 1.013548801455365744e+00
1.103266375474813883e-03 -2.723062383216637294e-01 1.070687776226797894e+00
8.478225396388870683e-02 -2.720890600633876777e-01 1.100854491642712762e+00
8.475199910420130878e-02 -1.549463774804896721e-01 1.100861624992292453e+00
1.043440356398685383e-03 -1.547225489627329920e-01 1.070675729949251309e+00
7.679844584343337166e-02 -2.719425073476240962e-01 1.097400498274031744e+00
8.475859832542144423e-02 -1.649888189247986636e-01 1.100862729067431323e+00
8.598692427609706118e-03 -1.547876150906677128e-01 1.073461813424474443e+00
1.061973197765286913e-03 -2.611452379073365138e-01 1.070670406881030434e+00
6.899471464078520133e-02 -2.726346663157742656e-01 1.095289769469237617e+00
8.476707313308881608e-02 -1.761470182537076545e-01 1.100864317339551812e+00
1.613339589679163230e-02 -1.547960381538458219e-01 1.076149909403050442e+00
1.073034520554954664e-03 -2.505661639989144041e-01 1.070676998329239238e+00
6.121447920801696696e-02 -2.721900773886944402e-01 1.093103780842226813e+00
8.474010492214087420e-02 -1.867394659898158615e-01 1.100851474824756204e+00
2.373261493015877202e-02 -1.542551571003202837e-01 1.078779786412193742e+00
1.083229929597798917e-03 -2.399869768724201269e-01 1.070683123466516173e+00
5.445215784315782931e-02 -2.719976218349629549e-01 1.089935055888097359e+00
8.478647731172028745e-02 -1.973473943211381532e-01 1.100868381564795051e+00
3.136858348992337814e-02 -1.548171231891165289e-01 1.081338402219804706e+00
1.092557637129619105e-03 -2.294076802638224111e-01 1.070688780938393814e+00
4.678444318146472714e-02 -2.720843844965900038e-01 1.087630428573387764e+00
8.475727429782062283e-02 -2.079397394207664063e-01 1.100855149170145264e+00
3.900712491734383697e-02 -1.547918501951300041e-01 1.083811444598228535e+00
1.101015967527778708e-03 -2.188282779376823362e-01 1.070693969489235231e+00
3.899668463857236533e-02 -2.718166289457084606e-01 1.083789500167330999e+00
8.476804368592805172e-02 -2.190976736550508952e-01 1.100857631687447657e+00
4.676538084731980682e-02 -1.543845448140649390e-01 1.087640229239559497e+00
1.067539246871569356e-03 -2.076673073821196092e-01 1.070680307610531568e+00
3.134992372739956595e-02 -2.724025429912803054e-01 1.081313021208530900e+00
8.473494869556756626e-02 -2.296897623722835291e-01 1.100842404575055777e+00
5.450570365270692580e-02 -1.549078162744478016e-01 1.089976132857847224e+00
1.076142479397818302e-03 -1.970878109540916412e-01 1.070685738177560520e+00
2.373311623573625892e-02 -2.718518590750192421e-01 1.078763071146364716e+00
8.474460572023133353e-02 -2.397317948042307634e-01 1.100844777086066983e+00
6.120310155035187799e-02 -1.550029261941426595e-01 1.093117317420809309e+00
1.083874312559830527e-03 -1.865082126845612753e-01 1.070690699039267058e+00
1.615435718944172386e-02 -2.723961929154420369e-01 1.076142758110236963e+00
8.475646427493054025e-02 -2.508895409823316269e-01 1.100847770516360180e+00
6.900186539714371625e-02 -1.543860111895933029e-01 1.095311540856603649e+00
1.090733425315810762e-03 -1.759285163886901426e-01 1.070695189189379226e+00
8.558758077181633991e-03 -2.723390712082566223e-01 1.073427065920097734e+00
8.471844186448575231e-02 -2.614813069819015290e-01 1.100830376236050734e+00
7.682723697425559994e-02 -1.548720055865275003e-01 1.097431118121656279e+00
1.096718610460482727e-03 -1.653487259033851464e-01 1.070699207724316704e+00
1.986094103599539695e-01 -3.070421524557484516e-01 1.097432744110227176e+00
3.067259169739546820e-01 -3.065768807283634212e-01 1.136089024364483224e+00
3.067485573800190490e-01 -2.465273687216039122e-01 1.136108404095750313e+00
1.986273167626390057e-01 -2.467988583260200819e-01 1.097449831577674617e+00
2.966602936573937144e-01 -3.066768302228505272e-01 1.132372323936273073e+00
3.067195888887752075e-01 -2.519059559637839008e-01 1.136099848195293749e+00
2.090653116695352642e-01 -2.465667950752359894e-01 1.100297663942081838e+00
1.986219630302207551e-01 -3.016613799189751810e-01 1.097437886221309000e+00
2.866182571178488847e-01 -3.067316544017315016e-01 1.128514012009242062e+00
3.067383479038069960e-01 -2.577907864474296429e-01 1.136103288519151766e+00
2.186186234540906659e-01 -2.465602827572915545e-01 1.103968056968040345e+00
1.986341178196459611e-01 -2.962805885631059066e-01 1.097442855640904602e+00
2.768998151215654180e-01 -3.070212550827516318e-01 1.125744161111462027e+00
3.067079657382674185e-01 -2.631693928672905747e-01 1.136094272261819027e+00
2.281057387996331121e-01 -2.465526115164686227e-01 1.107484903964045309e+00
1.986458741276699858e-01 -2.908997785702934769e-01 1.097447651943484148e+00
2.669071735288687797e-01 -3.069877646664036508e-01 1.121610546557229693e+00
3.067848292635303453e-01 -2.684843759680339281e-01 1.136112034779837909e+00
2.377220866912097552e-01 -2.464809700126353309e-01 1.110908117224113312e+00
1.986013270646984352e-01 -2.849920455639505801e-01 1.097434107756680266e+00
2.572919579953354408e-01 -3.066327051344253096e-01 1.118595678865827114e+00
3.067539661771556680e-01 -2.738630636997033130e-01 1.136103463869279961e+00
2.473654201483026505e-01 -2.463748966176787791e-01 1.114205273792165940e+00
1.986132054827179083e-01 -2.796112173286870450e-01 1.097439077185397016e+00
2.473626494401449938e-01 -3.065130587351760916e-01 1.114192176755928632e+00
3.067220401071273916e-01 -2.792417361338899728e-01 1.136094272957829165e+00
2.572615245850405907e-01 -2.470227804816076955e-01 1.118599528425905820e+00
1.986246845039479625e-01 -2.742303699452575683e-01 1.097443873276276349e+00
2.377356456817621144e-01 -3.066362813899681239e-01 1.110900084495270335e+00
3.067430473523527490e-01 -2.851263009706516138e-01 1.136098202724809658e+00
2.669573479379311887e-01 -2.468478188386027672e-01 1.121637315611600849e+00
1.986357635708868308e-01 -2.688495036005101313e-01 1.097448495629248733e+00
2.281354968855583976e-01 -3.067184934636736915e-01 1.107482407330016239e+00
3.067097146033713195e-01 -2.905049999384654025e-01 1.136088553699130754e+00
2.769211554712054935e-01 -2.463514946793930460e-01 1.125763128112092559e+00
1.986464421398128344e-01 -2.634686184848399337e-01 1.097452943856238150e+00
2.185654268787015075e-01 -3.067596368102150639e-01 1.103940191806224158e+00
3.067313300033654433e-01 -2.963894904741039005e-01 1.136092709750327723e+00
2.866560890712315790e-01 -2.461083269253021288e-01 1.128537322422382694e+00
1.986061147106778224e-01 -2.575606882384957053e-01 1.097440760306642060e+00
2.090286419093700387e-01 -3.067596806498751882e-01 1.100274568412397569e+00
3.067607854130727230e-01 -3.011981027598528149e-01 1.136098848084164059e+00
2.966643859314780918e-01 -2.466194687711590339e-01 1.132386812579006197e+00
1.986169163951260752e-01 -2.521797829269256108e-01 1.097445383102581440e+00
4.208115359543762035e-01 2.664317440669026205e-01 1.172078168845738011e+00
5.365501138386297164e-01 2.660412809825429825e-01 1.213870245488277044e+00
5.366334070274528800e-01 3.648242344935025416e-01 1.213908987943964846e+00
4.208010803578514647e-01 3.646443544150033689e-01 1.172104224294698183e+00
5.264001660064738797e-01 2.662911225698813000e-01 1.210100161425607723e+00
5.365795633663162922e-01 3.559430170488639411e-01 1.213903043232773538e+00
4.317424922543355303e-01 3.649560813300198325e-01 1.176302183845688853e+00
4.207800778696856314e-01 2.754865173701400716e-01 1.172075977600427699e+00
5.155957219948829051e-01 2.668476002508076150e-01 1.207485629340160793e+00
5.365282934789511460e-01 3.470611906908959710e-01 1.213896708440888927e+00
4.421998811022815334e-01 3.644365661007492596e-01 1.179174769078400242e+00
4.208091203869826491e-01 2.839517894273352883e-01 1.172082773011569268e+00
5.050055846883449995e-01 2.662058390826098075e-01 1.202279449433264036e+00
5.366111494757648259e-01 3.380224182114910381e-01 1.213898507083555067e+00
4.524282983373502653e-01 3.650786154449801590e-01 1.184254788629696353e+00
4.207753958694570029e-01 2.930069349389083366e-01 1.172080137441923853e+00
4.948153017185866753e-01 2.663298648541874702e-01 1.198013863237892052e+00
5.365613040585671678e-01 3.291405292234302893e-01 1.213892700217140685e+00
4.628645021308575580e-01 3.644459814721010549e-01 1.186799015146355885e+00
4.207946187579458264e-01 3.025439084576926896e-01 1.172085816361699173e+00
4.839011755466398612e-01 2.662824688539430773e-01 1.194857837817159707e+00
5.365846654136857685e-01 3.196443568619797282e-01 1.213890741665208939e+00
4.737775065237340710e-01 3.645103856227269179e-01 1.190304579659660078e+00
4.208265998831444699e-01 3.110089886131585657e-01 1.172092987305738188e+00
4.737558094810211951e-01 2.657201073375546896e-01 1.190271668881418110e+00
5.365906987572227616e-01 3.112207860561457262e-01 1.213888118191159160e+00
4.840040097733609437e-01 3.649752722154129270e-01 1.194899513287003057e+00
4.207899569505406667e-01 3.200647129957863157e-01 1.172090003130516811e+00
4.628604796857662129e-01 2.660522362573643496e-01 1.186768789927961087e+00
5.365448800819446751e-01 3.023382947241656238e-01 1.213882448661286029e+00
4.948248406072073835e-01 3.644486071158138385e-01 1.198046271040561717e+00
4.207513129732660673e-01 3.291206846036230926e-01 1.172086294284538033e+00
4.523812737073404366e-01 2.665482217717080604e-01 1.184219462123461408e+00
5.365664715181431843e-01 2.928426825059751160e-01 1.213880447627605719e+00
5.050370336550586980e-01 3.647964068410053939e-01 1.202314435506697476e+00
4.208460383327438659e-01 3.380664846023369030e-01 1.172103482153353360e+00
4.421759390240298515e-01 2.664584325314883761e-01 1.179142928943588187e+00
5.365720692646793744e-01 2.844193806064407859e-01 1.213877821316389216e+00
5.156415134571999959e-01 3.648985983656823362e-01 1.207521872754974357e+00
4.208064962151323307e-01 3.471228183305099524e-01 1.172100150546008468e+00
4.317342278582371740e-01 2.662776328264083170e-01 1.176272564315211655e+00
5.365303034205015642e-01 2.755363572076648948e-01 1.213872288710018177e+00
5.264624673215414496e-01 3.646525330903364059e-01 1.210137721629475527e+00
4.208428488446511739e-01 3.555875910686949193e-01 1.172107992879602989e+00
4.969132206148277331e-02 1.631885519640952770e-02 9.375207928293138870e-01
1.224373470596025054e-01 1.632115054989686370e-02 9.640771464681751057e-01
1.224507805027306440e-01 1.322826700624580576e-01 9.640955273974728401e-01
4.968077860656026912e-02 1.320357678982949368e-01 9.375265838112331052e-01
1.161874686357937947e-01 1.629788934504500936e-02 9.602284452710586615e-01
1.224390814042376069e-01 1.214687870049927787e-01 9.640897338911037506e-01
5.634284437754500524e-02 1.324497249252505338e-01 9.390032071041736206e-01
4.968747217610351014e-02 2.708571831318823744e-02 9.375203906598387205e-01
1.092242976494020718e-01 1.630385702226036515e-02 9.581069291853302472e-01
1.224526244042470624e-01 1.111560593197826463e-01 9.640937719519940829e-01
6.309496563197621033e-02 1.320057105770484351e-01 9.415695362013838388e-01
4.968687306301991513e-02 3.738387376960660563e-02 9.375210227385840644e-01
1.022845859137516411e-01 1.630884029390758383e-02 9.559270361914753433e-01
1.224423424219646533e-01 1.003423315146924760e-01 9.640886242225369385e-01
6.985345857625628596e-02 1.320230113965446817e-01 9.440694234281131747e-01
4.969643027880524949e-02 4.819629482106568830e-02 9.375259488081861825e-01
9.637218079167066132e-02 1.631461432350950549e-02 9.541736929646843501e-01
1.224530178657032425e-01 9.002970672861555779e-02 9.640914021243441878e-01
7.667005585876000839e-02 1.325416429532839668e-01 9.465256266330290824e-01
4.969771557067009793e-02 5.849458505799086383e-02 9.375274759551107673e-01
8.947829210522285914e-02 1.631777849946979692e-02 9.518868217429589107e-01
1.224441532840535446e-01 7.921613023974148626e-02 9.640869007129910795e-01
8.262173541621790906e-02 1.321807106581746050e-01 9.495586407264443585e-01
4.968556702788674839e-02 6.926163842029132989e-02 9.375232431144365775e-01
8.261144093642709685e-02 1.631995541769861585e-02 9.495426783520499736e-01
1.224519537098555377e-01 6.890361754148631446e-02 9.640884148168528123e-01
8.947077959513814738e-02 1.321722776622047402e-01 9.518954591415436095e-01
4.968467140314436481e-02 7.956002154843987151e-02 9.375237386220827140e-01
7.666912175713430644e-02 1.630711693148942376e-02 9.465137872755297055e-01
1.224326871535544869e-01 5.857222156556710774e-02 9.640799768930023994e-01
9.640079546427067492e-02 1.321847236369472212e-01 9.541971830654598641e-01
4.970269103847550080e-02 9.037279388678751135e-02 9.375325709655129014e-01
6.986241361461618948e-02 1.630739173821808830e-02 9.440622215342965307e-01
1.224394425827485255e-01 4.825985660708231872e-02 9.640815778407249015e-01
1.022978879350891490e-01 1.321437712278623056e-01 9.559447109077698901e-01
4.970367867745439927e-02 1.006713291010143674e-01 9.375339607421946386e-01
6.308628836739146872e-02 1.630668113202633079e-02 9.415547955967558114e-01
1.224357500947198668e-01 3.744655748180297089e-02 9.640788718079560393e-01
1.092196302497717153e-01 1.321102261978646664e-01 9.581175216037715048e-01
4.970454749557383367e-02 1.109699227404193911e-01 9.375352950789862527e-01
5.634194844362545168e-02 1.630498592738701541e-02 9.389920011703118963e-01
1.224396212041416326e-01 2.713430874532166831e-02 9.640792054701680103e-01
1.162191848625111490e-01 1.320903789725814681e-01 9.602533819472269805e-01
4.968207674147957081e-02 1.217371068769116521e-01 9.375262742025617380e-01
3.603782144586060165e-01 -2.880041609376198242e-01 1.006604559494494788e+00
4.672799500803282990e-01 -2.882999568506348087e-01 1.045432869947299226e+00
4.673272145176824433e-01 -2.028931837686068773e-01 1.045460863653280503e+00
3.603827646644103266e-01 -2.024769782465115908e-01 1.006621459798429985e+00
4.574350986742393710e-01 -2.885584175194381706e-01 1.042015103617367711e+00
4.673389954003790980e-01 -2.103426914842675965e-01 1.045460996503928097e+00
3.705186098695001928e-01 -2.027364464674163980e-01 1.009633085617741788e+00
3.603227071819887772e-01 -2.805171447316571198e-01 1.006592217097366460e+00
4.475291823664472868e-01 -2.883501852368672846e-01 1.038443893357139158e+00
4.673009662594594382e-01 -2.183172306742664215e-01 1.045452827799495443e+00
3.800059041977053020e-01 -2.026667450358958789e-01 1.013349797756284865e+00
3.603317300660741629e-01 -2.725243927220256657e-01 1.006595962831166036e+00
4.383188595723817027e-01 -2.882041050120302539e-01 1.033837441621191511e+00
4.673127471037666347e-01 -2.257666608982998868e-01 1.045453094581131559e+00
3.895043116215448076e-01 -2.025653507910499529e-01 1.016939803751868432e+00
3.603926909335736783e-01 -2.649704623136297510e-01 1.006612268156176881e+00
4.288482411002971784e-01 -2.885337411507737926e-01 1.030920848616424523e+00
4.673147968309143141e-01 -2.341604165794706760e-01 1.045451467407986001e+00
3.989637256108003460e-01 -2.029441074776230369e-01 1.020392030896522639e+00
3.603993892003979349e-01 -2.569777626634257017e-01 1.006615318377125368e+00
4.190116823501462417e-01 -2.876700938162331522e-01 1.026953318396586434e+00
4.673280470437094491e-01 -2.416095785490366965e-01 1.045451890677763451e+00
4.088411852824014869e-01 -2.029291759441912701e-01 1.024654600804034255e+00
3.603491958462441414e-01 -2.494902317531436930e-01 1.006604572795525065e+00
4.088677388725995288e-01 -2.882201428360018358e-01 1.024642349538889219e+00
4.672844006472104961e-01 -2.495844728673828894e-01 1.045442656796765402e+00
4.190222544891242240e-01 -2.025169186631815832e-01 1.026973360163008886e+00
3.603567921568356369e-01 -2.414973889108394667e-01 1.006607931754046392e+00
3.989710526580144689e-01 -2.877782617622229866e-01 1.020376527623622742e+00
4.672976504607998516e-01 -2.570335624447931955e-01 1.045443212778018216e+00
4.288594760924694382e-01 -2.029503482102684719e-01 1.030941469512870245e+00
3.603639697229258365e-01 -2.335045229288371937e-01 1.006611175095488697e+00
3.894983051644736460e-01 -2.879336143508920975e-01 1.016921628341295403e+00
4.673117759711895025e-01 -2.644824912219582713e-01 1.045443844230267816e+00
4.383631164826864435e-01 -2.026909483600423667e-01 1.033864662880958463e+00
3.603196697096189283e-01 -2.260163663233115405e-01 1.006601286752663249e+00
3.800333118622012396e-01 -2.880471109163732502e-01 1.013339475963795921e+00
4.673144641728125825e-01 -2.728758969113153632e-01 1.045442317306148228e+00
4.476056234032851355e-01 -2.027639685654848423e-01 1.038477049144111763e+00
3.603708719770719604e-01 -2.184629020617492035e-01 1.006615640055740890e+00
3.705228532204682401e-01 -2.876824629091817576e-01 1.009618135594148924e+00
4.673300415093153970e-01 -2.803245292352186113e-01 1.045443103644383864e+00
4.574464733347625156e-01 -2.031061117913234848e-01 1.042036717325887984e+00
3.603770292676054532e-01 -2.104699537587476910e-01 1.006618608246697022e+00
4.403655555041130487e-02 1.095719048924066047e-01 8.635537790986765883e-01
1.554048888829623054e-01 1.094205702437071603e-01 9.034897160654763448e-01
1.554163607808249081e-01 1.953221931929752242e-01 9.035022153040794812e-01
4.404775636715183018e-02 1.952367312257421439e-01 8.635639185271343221e-01
1.457102635429473048e-01 1.093441508660250860e-01 8.992891161252192234e-01
1.554036003391551513e-01 1.870511017349987259e-01 9.034964950058209654e-01
5.463205750293511492e-02 1.952445190031592281e-01 8.669265234864486080e-01
4.403703641269708646e-02 1.173594430527188787e-01 8.635544484157360312e-01
1.353752380854572890e-01 1.094191502061688803e-01 8.965107138543694232e-01
1.554304897095497018e-01 1.792474546859889883e-01 9.035060377573764789e-01
6.441583878792458973e-02 1.948808704178998930e-01 8.706474327367820232e-01
4.403762458090411391e-02 1.251470149041270241e-01 8.635551681403507152e-01
1.249911480938403763e-01 1.093980425782578453e-01 8.926236231649909980e-01
1.554193206747043754e-01 1.718954604817834186e-01 9.035011253508001827e-01
7.431391043625190651e-02 1.949703884643176621e-01 8.742741305972766552e-01
4.403832014198548472e-02 1.329346207711535333e-01 8.635559383128429412e-01
1.146294023974020332e-01 1.093300933212411757e-01 8.885876337344088549e-01
1.554077805940179136e-01 1.636245058984575895e-01 9.034959253205857577e-01
8.428069694551093560e-02 1.950263927428272925e-01 8.777853244546279798e-01
4.403912316820043221e-02 1.407222609784469503e-01 8.635567589670781752e-01
1.053260727865376195e-01 1.092877146904707719e-01 8.849151322699239097e-01
1.553984357980497388e-01 1.562725813282698772e-01 9.034915935935151632e-01
9.513332732904704325e-02 1.948953312422948558e-01 8.806522568983953247e-01
4.404003371712544163e-02 1.485099358507212530e-01 8.635576301304722646e-01
9.510758006631979400e-02 1.091776455080583352e-01 8.806349490477473063e-01
1.554209206855854120e-01 1.484690446449034307e-01 9.034994801456348590e-01
1.052965264015612024e-01 1.945882183539287547e-01 8.849093895562323286e-01
4.404105183167045245e-02 1.562976457126943886e-01 8.635585518239919933e-01
8.426578978766090244e-02 1.097131091511433232e-01 8.777728327902877270e-01
1.554106030792339610e-01 1.401982239924721707e-01 9.034948016480653932e-01
1.146371492637115047e-01 1.946987239361258892e-01 8.885976700207844914e-01
4.404217754010269353e-02 1.640853908890264612e-01 8.635595240621656288e-01
7.430992779931330783e-02 1.092251292221353004e-01 8.742666706110219232e-01
1.554023476026505368e-01 1.328464179425547786e-01 9.034909343528649828e-01
1.249854481150741436e-01 1.947999445221706705e-01 8.926288489032376816e-01
4.404341085607155898e-02 1.718731717042602247e-01 8.635605468530911377e-01
6.442482896059453790e-02 1.096379998867797745e-01 8.706462848064613347e-01
1.554211474192885856e-01 1.250429501132792054e-01 9.034972741115355754e-01
1.354026685743824621e-01 1.948643706421891997e-01 8.965290684765844231e-01
4.404475177864226876e-02 1.796609884827586323e-01 8.635616201984457341e-01
5.463361140888470247e-02 1.095992376138296004e-01 8.669219177670911547e-01
1.553876724959187827e-01 1.172239401379502055e-01 9.034836280774164452e-01
1.457266157472059953e-01 1.947160454409395669e-01 8.993035056051174037e-01
4.404620029233191625e-02 1.874488415486452175e-01 8.635627440935010890e-01
2.719628733453634539e-01 -2.437736584229634462e-01 9.346411846952548119e-01
3.818873931815598421e-01 -2.435138044349566822e-01 9.742131854496400845e-01
3.818907682718470364e-01 -1.752841735056006878e-01 9.742259666556966069e-01
2.719828223589751959e-01 -1.747511925868426574e-01 9.346565782304161463e-01
3.716847944364753409e-01 -2.436324461125507490e-01 9.704421476007423220e-01
3.818924626871960659e-01 -1.811566014637852329e-01 9.742253482872788029e-01
2.820986652769664205e-01 -1.749922349687139389e-01 9.372747310920307440e-01
2.719838787114020051e-01 -2.374114772677816676e-01 9.346487112602052116e-01
3.614962410535162429e-01 -2.437083124408408186e-01 9.665267480101740194e-01
3.818943085945113447e-01 -1.870289940463468192e-01 9.742247628384337332e-01
2.918192110922149807e-01 -1.750340878226702701e-01 9.413670267360843003e-01
2.719527140963727274e-01 -2.315171980870425472e-01 9.346394805192659305e-01
3.516474358694401947e-01 -2.439226294318409538e-01 9.633617116232814359e-01
3.818901848065064386e-01 -1.938100193711737584e-01 9.742225786074052429e-01
3.015735554557203435e-01 -1.750453025617863256e-01 9.453337807704756957e-01
2.719729699891627051e-01 -2.251549980246955740e-01 9.346468499984278422e-01
3.418083125943492395e-01 -2.440975731246927960e-01 9.600635825625606357e-01
3.818921597901299703e-01 -1.996823470480090512e-01 9.742220249700053181e-01
3.120386595427216969e-01 -1.744280869858976513e-01 9.484663938253941051e-01
2.719922163733365927e-01 -2.187927725822270686e-01 9.346537700767887369e-01
3.316246997378629602e-01 -2.436188568965644285e-01 9.557179650503611068e-01
3.818877702812408237e-01 -2.064633212798939466e-01 9.742197760423657593e-01
3.218032946934547001e-01 -1.748551652628380082e-01 9.521569801126362753e-01
2.719632952008623761e-01 -2.128983755078446283e-01 9.346453297238797031e-01
3.218233126512790032e-01 -2.437109994471415853e-01 9.521525191391380094e-01
3.818898735723864624e-01 -2.123355837244415290e-01 9.742192540303489245e-01
3.316290223259441006e-01 -1.747769857437928842e-01 9.557297507615911680e-01
2.719817885690458681e-01 -2.065361285083524845e-01 9.346520919478212841e-01
3.120436331940338315e-01 -2.437635184820702572e-01 9.484577064189789741e-01
3.818852186569498541e-01 -2.191165079773012003e-01 9.742169404832448087e-01
3.417899132238180204e-01 -1.747994794462677248e-01 9.600697829511314341e-01
2.719992680446495781e-01 -2.001738561630897473e-01 9.346584025062433243e-01
3.015696755738173640e-01 -2.440034505616670846e-01 9.453228339181195539e-01
3.818874494778434214e-01 -2.249887048679206636e-01 9.742164499078183049e-01
3.516134398044516440e-01 -1.751415562302699458e-01 9.633640484203986887e-01
2.720157317526220031e-01 -1.938115593150785965e-01 9.346642601361268010e-01
2.918398937755233291e-01 -2.439745988903949392e-01 9.413636933076315882e-01
3.818825295302237799e-01 -2.317695802525245874e-01 9.742140718338487826e-01
3.614866415535605282e-01 -1.749725259714469405e-01 9.665358181476112476e-01
2.719501624740428003e-01 -1.874758187495205453e-01 9.346442669936637637e-01
2.820930916463091354e-01 -2.434674869165626976e-01 9.372638838794166150e-01
3.818848870944393514e-01 -2.376417112724876768e-01 9.742136125035784078e-01
3.717020924812346472e-01 -1.749007176551617415e-01 9.704580938846427696e-01
2.719670016274625124e-01 -1.811135190767081959e-01 9.346506493525253978e-01
1.910464475832402975e-01 1.921292967547859054e-01 8.489921684773704680e-01
2.743835249633631568e-01 1.920363034736040087e-01 8.793355264449365105e-01
2.743819627233869407e-01 3.105844938615429096e-01 8.793479313484791060e-01
1.910203283178965594e-01 3.107119421291804628e-01 8.489914562107294671e-01
2.666359937077982245e-01 1.921776304183800965e-01 8.770621672327285623e-01
2.743528474394741345e-01 2.998510574608524437e-01 8.793373948174614263e-01
1.985531603425973735e-01 3.103889429910902109e-01 8.519956241501979166e-01
1.910171453888898363e-01 2.028667265178006884e-01 8.489819379476005734e-01
2.596084965915632647e-01 1.921361916897168232e-01 8.741564698401116384e-01
2.743906016431938433e-01 2.886769039497395495e-01 8.793483165772697507e-01
2.060508838711681834e-01 3.104589486843508106e-01 8.549056655310596220e-01
1.910318370859638570e-01 2.140392920258987475e-01 8.489883977403345217e-01
2.517368116916303133e-01 1.920728486441108940e-01 8.709136710298357453e-01
2.743630140866094580e-01 2.779435936503330540e-01 8.793383334767213011e-01
2.135777984782753214e-01 3.104977692483553708e-01 8.577457749611752114e-01
1.910467680890159115e-01 2.243524980804625923e-01 8.489948185851120543e-01
2.440466411916338840e-01 1.921525567063062934e-01 8.684188656522410232e-01
2.743950366960517528e-01 2.676292087219499516e-01 8.793474290551487327e-01
2.211994625639690237e-01 3.109349358245329653e-01 8.605395035178386998e-01
1.910125124578227473e-01 2.350900803293127506e-01 8.489826358983209031e-01
2.363764012531269776e-01 1.922107467451268648e-01 8.658502619457795202e-01
2.743690181819287699e-01 2.568960147474375622e-01 8.793379993673258177e-01
2.287789139728463594e-01 3.109098601672308781e-01 8.632373915099424977e-01
1.910291549125334165e-01 2.462628913560447330e-01 8.489898667273551025e-01
2.287702065005986773e-01 1.926755243213199020e-01 8.632235435230976028e-01
2.743450002218716932e-01 2.461628161101621082e-01 8.793290902189736524e-01
2.363819275842942991e-01 3.108535530572748562e-01 8.658632693519510148e-01
1.910458762017511192e-01 2.565763247081654930e-01 8.489969958179442999e-01
2.211878479132887987e-01 1.922617552695267684e-01 8.605247308232881753e-01
2.743761391212558021e-01 2.349892636511977662e-01 8.793379033822908974e-01
2.440750063615020060e-01 3.103312163388835532e-01 8.684399562447502330e-01
1.910654558117936275e-01 2.677492852506190291e-01 8.490052093824398405e-01
2.135883732689449199e-01 1.922582748128028596e-01 8.577395398941034532e-01
2.743536722577479825e-01 2.242561975920768780e-01 8.793295564137282305e-01
2.517196496236286385e-01 3.102112185585140791e-01 8.709199349428707881e-01
1.910253056620761225e-01 2.784871090776696034e-01 8.489908810938022743e-01
2.060164703459709812e-01 1.922332235669768075e-01 8.548831296211957254e-01
2.743795325861962953e-01 2.139423555831042045e-01 8.793366862352496316e-01
2.596921762557736213e-01 3.107229480489214213e-01 8.741962942688319416e-01
1.910438065115925566e-01 2.888007733104486774e-01 8.489987137447356780e-01
1.985163168864644001e-01 1.926204108316785790e-01 8.519724594620110558e-01
2.743586571901381888e-01 2.032094130694572509e-01 8.793289007123499257e-01
2.666802311080057608e-01 3.107996775695352487e-01 8.770889847356535540e-01
1.910653001226259862e-01 2.999739847260446957e-01 8.490076848936400911e-01
4.328982268645490405e-01 -1.947971907179014972e-01 9.269497817108727222e-01
5.409041104166056879e-01 -1.948401178648505594e-01 9.659460504278359894e-01
5.409311513888185319e-01 -1.205679424997569277e-01 9.659664071685079012e-01
4.328950619227769359e-01 -1.205752824371834481e-01 9.269615994328543884e-01
5.311696422315912436e-01 -1.945467533783928893e-01 9.622346018696212866e-01
5.409247322295578364e-01 -1.272535150057121089e-01 9.659639631117613590e-01
4.429731632158252497e-01 -1.200623090499555595e-01 9.306143387259426802e-01
4.328749984208529744e-01 -1.880716097166122425e-01 9.269458334368039232e-01
5.217624680884282995e-01 -1.948185724586435907e-01 9.591017226842390997e-01
5.409178043627960175e-01 -1.339390846733129470e-01 9.659614272315698580e-01
4.530416590847101688e-01 -1.203783584361933501e-01 9.341208541415089162e-01
4.328535061897257896e-01 -1.813458349779967782e-01 9.269420399416762324e-01
5.113708063933368742e-01 -1.947737895329469948e-01 9.558715428057087404e-01
5.409364547454594829e-01 -1.409908116123128330e-01 9.659626615070001643e-01
4.625519086408166891e-01 -1.203228659080587543e-01 9.382123952161124381e-01
4.329109956580639018e-01 -1.745409595517503909e-01 9.269558831493545092e-01
5.015338909305060433e-01 -1.948598003697362968e-01 9.517193243786196133e-01
5.409297000424230228e-01 -1.476762956400958782e-01 9.659602129178179730e-01
4.726055462525764472e-01 -1.205953042668201775e-01 9.414349268683145366e-01
4.328897194244596403e-01 -1.678151476321669833e-01 9.269524876639085864e-01
4.921203201399539373e-01 -1.945526953195307607e-01 9.481774417538707533e-01
5.409224375410119912e-01 -1.543617812694860758e-01 9.659576726036640526e-01
4.820841809153618707e-01 -1.201172767970453553e-01 9.452553483892491837e-01
4.328701875934835019e-01 -1.610891558163820014e-01 9.269492479565779597e-01
4.820887982499448277e-01 -1.948879358996597477e-01 9.452417930804954960e-01
5.409146680835266174e-01 -1.610472710676506269e-01 9.659550407620600687e-01
4.921063508941599940e-01 -1.203481974107858260e-01 9.481896215865572852e-01
4.328896409668340772e-01 -1.538985431588868469e-01 9.269548118508099677e-01
4.725659465995438735e-01 -1.946141922888257603e-01 9.414134169788583861e-01
5.409063925681428797e-01 -1.677327675952930974e-01 9.659523176057795979e-01
5.015551771457522623e-01 -1.206812762070811201e-01 9.517379004533560449e-01
4.329016071027916857e-01 -1.475585161830563763e-01 9.269584521224082385e-01
4.625029235969203012e-01 -1.948775031334394059e-01 9.381890625493973790e-01
5.409299385292697382e-01 -1.747838528528907476e-01 9.659542336602529033e-01
5.114113085464055963e-01 -1.205881635996581269e-01 9.558934906419506161e-01
4.328840436552415238e-01 -1.408323144582259989e-01 9.269557689566083614e-01
4.530575082569654466e-01 -1.944440854733089086e-01 9.341109505270880353e-01
5.409218336163187368e-01 -1.814692625546417970e-01 9.659515970064864732e-01
5.217355015201768920e-01 -1.204552504147844705e-01 9.591130693646279237e-01
4.329006683913602105e-01 -1.336417250853029204e-01 9.269605959803186579e-01
4.429800991053898795e-01 -1.946387134562510002e-01 9.306028816841604989e-01
5.409132238920831837e-01 -1.881546833797504981e-01 9.659488691799882343e-01
5.311596702342240572e-01 -1.202463990204035715e-01 9.622493405718286485e-01
4.328848748815092851e-01 -1.269153519351549630e-01 9.269582858516460799e-01
9.099840157605897095e-02 2.856063885750062190e-02 7.777899508137420259e-01
1.763003541851506373e-01 2.865938513061623907e-02 8.086931453128148872e-01
1.763252127208051745e-01 1.499682013404061154e-01 8.087100449000020896e-01
9.102046549012225707e-02 1.503518853172138847e-01 7.778035445811197768e-01
1.684394995411583329e-01 2.823659620395193789e-02 8.059286592519946391e-01
1.763037043320964392e-01 1.391969945099954808e-01 8.087010813017050381e-01
9.917633417954134500e-02 1.500085689551743928e-01 7.808685987130427053e-01
9.100276977101390274e-02 3.972142842974064891e-02 7.777923478741758379e-01
1.606206593210369460e-01 2.823537751931722017e-02 8.030942572890900077e-01
1.763130502529196841e-01 1.280216458747635844e-01 8.087040682881703191e-01
1.065750506632288236e-01 1.500561925947375419e-01 7.834082921358630491e-01
9.099870396358926417e-02 5.044252947818717026e-02 7.777907629620853802e-01
1.528330654893438056e-01 2.863168439016743408e-02 8.001859258874095548e-01
1.763207110299790659e-01 1.168463422537264346e-01 8.087062841309879957e-01
1.147935684749925439e-01 1.500699056635437234e-01 7.863158508008180059e-01
9.100680575763353541e-02 6.160348135961930122e-02 7.777947731382683916e-01
1.452442908705327551e-01 2.864808501374797520e-02 7.980518950080448537e-01
1.763035020865382774e-01 1.060754009895480826e-01 8.086990910664257903e-01
1.222691435257405590e-01 1.500838942174388402e-01 7.887253687471840191e-01
9.101820711943942044e-02 7.276452975929617595e-02 7.777999892105267321e-01
1.375366180923545401e-01 2.863780726742009772e-02 7.950079094983699690e-01
1.763100795969166634e-01 9.490024153855862454e-02 8.087009410147422139e-01
1.298799568303364571e-01 1.497761743933629375e-01 7.919031982414845849e-01
9.099629214965862523e-02 8.387455612500231694e-02 7.777905716704607286e-01
1.298724496561384223e-01 2.862493989308689465e-02 7.918949366775028809e-01
1.763149607455601897e-01 8.372513637044035062e-02 8.087020146560540690e-01
1.375391813711615563e-01 1.502807902052339384e-01 7.950143427960644216e-01
9.100899437824370997e-02 9.503578820583380438e-02 7.777967420879872140e-01
1.222537958605763864e-01 2.860949064364412195e-02 7.887139354451567774e-01
1.763020670133489953e-01 7.295444432923819944e-02 8.086965989207105521e-01
1.452733885052584772e-01 1.503705556191573256e-01 7.980696129111380932e-01
9.100062587549531679e-02 1.057571120621050714e-01 7.777932201740603846e-01
1.148068320088738020e-01 2.861628624676141805e-02 7.863171561467668935e-01
1.763058554983957527e-01 6.177948563697308049e-02 8.086973032208779610e-01
1.528568588895307667e-01 1.498860820180143993e-01 8.002016805423833867e-01
9.101704802638267700e-02 1.169185568454943064e-01 7.778009978499217381e-01
1.065473926901307905e-01 2.861561362263287042e-02 7.833917201403312047e-01
1.763079391913366378e-01 5.060459061531700359e-02 8.086972273953242363e-01
1.606329572139447159e-01 1.503408457595996339e-01 8.031056114871590879e-01
9.100733677384273412e-02 1.276399722089428812e-01 7.777969279529421964e-01
9.917045544194563744e-02 2.817931482797366577e-02 7.808621487124002281e-01
1.762993704397135819e-01 3.983413133163436759e-02 8.086935931649461562e-01
1.684442746386720091e-01 1.499505293346312107e-01 8.059372008065363024e-01
9.099946897123080414e-02 1.391900883067780925e-01 7.777936190594801902e-01
2.817975908620016720e-02 -2.324828514777171895e-01 7.052667787808466482e-01
1.426919392022324151e-01 -2.324509371363536747e-01 7.469911919680624068e-01
1.426585682494895257e-01 -1.102990714536386391e-01 7.469794071758819598e-01
2.820149783780802680e-02 -1.105618017188502861e-01 7.052766683635887102e-01
1.322537704777814460e-01 -2.326528057781856729e-01 7.429167260823660301e-01
1.426675085353522610e-01 -1.216590124288177005e-01 7.469831891052430839e-01
3.824622535496981224e-02 -1.102204345934918450e-01 7.086033863913574482e-01
2.818429173805845137e-02 -2.212248525578748848e-01 7.052690523472356920e-01
1.219703150744028824e-01 -2.325811043164930647e-01 7.394727161469439869e-01
1.426477164202275827e-01 -1.326071781418733109e-01 7.469739611954110403e-01
4.845537780337518668e-02 -1.103871420312216994e-01 7.126399589422311998e-01
2.823641664519191755e-02 -2.104012301095131432e-01 7.052965859821215266e-01
1.117471843124970970e-01 -2.323138902714858844e-01 7.351816491118787766e-01
1.426883267954921208e-01 -1.435940387814978736e-01 7.469917676017687747e-01
5.945944265946417201e-02 -1.104617983084739408e-01 7.162699896035710223e-01
2.820070579366783584e-02 -1.994936419177837927e-01 7.052775572079913458e-01
1.009934283935821769e-01 -2.327080276092577393e-01 7.318559567883818895e-01
1.426668834054665158e-01 -1.545420669157484272e-01 7.469821202920671199e-01
6.984497883711922317e-02 -1.101506582474798684e-01 7.200625214643779914e-01
2.820387815231930467e-02 -1.882353277902169275e-01 7.052790929291852251e-01
9.022655951170971411e-02 -2.328507299865514857e-01 7.276221044997808196e-01
1.426808176389973704e-01 -1.659018710343508063e-01 7.469879715022967881e-01
8.034976366844695517e-02 -1.102402097081223720e-01 7.237519758665229563e-01
2.820674305153143824e-02 -1.769769294985321373e-01 7.052804628848821089e-01
8.032210016616474213e-02 -2.322140884621313739e-01 7.237381668776995403e-01
1.426556029641312673e-01 -1.768496196692506406e-01 7.469765616940448050e-01
9.020794152270597555e-02 -1.103142378003015012e-01 7.276138011910531223e-01
2.820929991509693244e-02 -1.657184495895391019e-01 7.052816667500256820e-01
6.983056692714097180e-02 -2.324558813312505856e-01 7.200553664665106934e-01
1.426707737262756792e-01 -1.882093456536201304e-01 7.469830214509610711e-01
1.009928132142659390e-01 -1.104504795192051414e-01 7.318569367960712224e-01
2.818277132101936616e-02 -1.548113890624117361e-01 7.052671308979053810e-01
5.943279314334772717e-02 -2.326473298270828050e-01 7.162569977142011490e-01
1.426418108481583569e-01 -1.991567893937337685e-01 7.469698606651126171e-01
1.117338546243640957e-01 -1.100478097318419862e-01 7.351770389982738019e-01
2.818677904120097874e-02 -1.435529132593150181e-01 7.052691373981931910e-01
4.849069386152297240e-02 -2.325721665066795563e-01 7.126588564998492803e-01
1.426582105162584879e-01 -2.105164422019888681e-01 7.469769248451848531e-01
1.220178869673647498e-01 -1.102010723129746572e-01 7.394967543466447468e-01
2.822075023735115887e-02 -1.327274090721690114e-01 7.052872527293773119e-01
3.829440954083006277e-02 -2.326635242925094715e-01 7.086300207052005362e-01
1.426765944934162145e-01 -2.218760945753175395e-01 7.469847550360412258e-01
1.322330323428040355e-01 -1.106075783950223740e-01 7.429100101008920820e-01
2.822161593264721491e-02 -1.214686030521833215e-01 7.052875396599931346e-01
-1.227062191770628141e-02 -2.055885799124934910e-01 6.825513162591035909e-01
9.675630890688269314e-02 -2.056882457450712465e-01 7.221666698027032760e-01
9.677879988949088241e-02 -1.221558903152299425e-01 7.221778645656905526e-01
-1.229267569442401078e-02 -1.220646633367460376e-01 6.825361173144705029e-01
8.692689051434071557e-02 -2.055038632910233531e-01 7.183553279180758810e-01
9.676296747605729609e-02 -1.298758658811193234e-01 7.221702668216611887e-01
-2.738411117537100769e-03 -1.222673902043961008e-01 6.863038792490099294e-01
-1.228888824536157089e-02 -1.979066166106145663e-01 6.825407028394780973e-01
7.654474401146633966e-02 -2.059394668989798782e-01 7.154968493244561190e-01
9.677305559778111299e-02 -1.372353006561341238e-01 7.221750639160142704e-01
7.578134016384942273e-03 -1.219434637058411097e-01 6.897055486891245923e-01
-1.230573747445710790e-02 -1.902247689175568801e-01 6.825307580302998334e-01
6.688507266511826976e-02 -2.056753489266535395e-01 7.114749902549120097e-01
9.675501592236691872e-02 -1.449551098422674766e-01 7.221663339815194149e-01
1.733711510121660818e-02 -1.220966782347766705e-01 6.932793883252230671e-01
-1.228005183308497790e-02 -1.829817035529387736e-01 6.825452658380734006e-01
5.738036571753256376e-02 -2.055549112862862515e-01 7.081375487188071860e-01
9.676587334516484340e-02 -1.523145331924234958e-01 7.221715482286301668e-01
2.719243950761730116e-02 -1.222245350317381768e-01 6.967558112144431881e-01
-1.229598401297704764e-02 -1.752999300405550798e-01 6.825359139441516954e-01
4.718708303182263253e-02 -2.056852725346239308e-01 7.041795594779585166e-01
9.674563419691693811e-02 -1.600341610132820225e-01 7.221616904461632958e-01
3.712847387004076377e-02 -1.223590193493132583e-01 7.008979997898477921e-01
-1.231048711907502258e-02 -1.676182564089979399e-01 6.825272359249472398e-01
3.717477185763048975e-02 -2.056077535834328618e-01 7.009235967692610814e-01
9.675725832772584523e-02 -1.673935761751948470e-01 7.221673202603764441e-01
4.717387521720973337e-02 -1.224384983477166539e-01 7.041718045736917730e-01
-1.228759691080055609e-02 -1.603748470759067957e-01 6.825402558994180247e-01
2.718525240459207168e-02 -2.056513082949846249e-01 6.967536163296017548e-01
9.677547611899606217e-02 -1.755307253066711037e-01 7.221759965928001845e-01
5.733631780294022595e-02 -1.221764860562224719e-01 7.081143713823891961e-01
-1.230117364693253564e-02 -1.526932316242408660e-01 6.825321763354332827e-01
1.736279900276248983e-02 -2.054945889330700437e-01 6.932949268480922411e-01
9.678971667816727020e-02 -1.828901952891484051e-01 7.221826683379087841e-01
6.687193339167860073e-02 -1.222783256917924499e-01 7.114680413159072403e-01
-1.228775980597337711e-02 -1.446716137691396453e-01 6.825396667120652294e-01
7.598525772732961890e-03 -2.056430054272142260e-01 6.897188825234438214e-01
9.676660453152854946e-02 -1.906095891538132081e-01 7.221716871796476367e-01
7.656648234276498821e-02 -1.224627684078806872e-01 7.155074871417148596e-01
-1.226877683043770158e-02 -1.374277254151057837e-01 6.825501498855202076e-01
-2.748164385953184765e-03 -2.058629886590597757e-01 6.863007692498689361e-01
9.678159803623076485e-02 -1.979690631455242600e-01 7.221787680555570299e-01
8.691400066433736804e-02 -1.220219743520560562e-01 7.183492571429491713e-01
-1.228144936830889190e-02 -1.297461592694444388e-01 6.825427925001884555e-01
1.095125611247897875e-02 -3.320827250036357658e-03 6.844624903475021727e-01
9.739797634903978041e-02 -3.352126830011243307e-03 7.161636496706645927e-01
9.741725904848276552e-02 1.191601351998530928e-01 7.161731496659171636e-01
1.096990176782772740e-02 1.193831995239409416e-01 6.844692976248056837e-01
8.983675365216345354e-02 -3.347816592810612217e-03 7.129922509685533427e-01
9.738916338568297248e-02 1.079913684125198142e-01 7.161599579425783624e-01
1.856722870880431892e-02 1.190833004109959209e-01 6.872092356840187044e-01
1.095238371461248680e-02 7.740452294049331855e-03 6.844627173041833990e-01
8.165539760390043422e-02 -3.345079849470437069e-03 7.100491881032821029e-01
9.740931768495114662e-02 9.687943850500572995e-02 7.161694008593263439e-01
2.693541594572951975e-02 1.195835947565097312e-01 6.904189025426999970e-01
1.095485292060039556e-02 1.880179001856766355e-02 6.844636231650829128e-01
7.361196433953087759e-02 -3.344969412115862423e-03 7.078097380222141410e-01
9.738718068865247213e-02 8.571097238307132105e-02 7.161588906090322615e-01
3.465513741351650134e-02 1.192550847057478464e-01 6.930346924103099049e-01
1.095286860456860974e-02 3.020540022229747934e-02 6.844625039011476009e-01
6.621778852017665140e-02 -3.339723417536844246e-03 7.044470792375422397e-01
9.740339705716254126e-02 7.459905594488731861e-02 7.161665847659325346e-01
4.247486973116709752e-02 1.190198594262547871e-01 6.963717301040349694e-01
1.095590777837710320e-02 4.126685880096291059e-02 6.844637853277667494e-01
5.827244825907963721e-02 -3.339004654718635660e-03 7.020804056123894910e-01
9.740016000188653211e-02 6.307289837130930499e-02 7.161650466390246939e-01
5.033702863593827320e-02 1.190866556785418473e-01 6.988777805315570246e-01
1.096028906057445844e-02 5.232839745550282862e-02 6.844657459980565406e-01
5.031842135587185488e-02 -3.334966267580087400e-03 6.988699148482777623e-01
9.739949990789470435e-02 5.231896726002373266e-02 7.161647024712056719e-01
5.826050157707524102e-02 1.191706397547902391e-01 7.020731987646009475e-01
1.095404868919391816e-02 6.373209257390244353e-02 6.844622793674222105e-01
4.247870564623786732e-02 -3.333628983774769051e-03 6.963755041164902959e-01
9.739765263703889508e-02 4.079295885387643900e-02 7.161638009725525000e-01
6.622832117685373277e-02 1.192062701653936324e-01 7.044514710968148297e-01
1.095900351866002133e-02 7.479376413386205902e-02 6.844646173831888669e-01
3.465156225921579847e-02 -3.328939922024486651e-03 6.930349711325177742e-01
9.739762549209302067e-02 3.003915215765868424e-02 7.161637535574918445e-01
7.361678642102591208e-02 1.189808282188788841e-01 7.078116536572826023e-01
1.096529847256591181e-02 8.585553765227521561e-02 6.844676337223914997e-01
2.692606893210177169e-02 -3.326989143233950990e-03 6.904164611174848920e-01
9.740181339012239647e-02 1.892732299388645914e-02 7.161654367442564784e-01
8.165909400446502708e-02 1.193391889080467061e-01 7.100508382833693455e-01
1.097293114506088692e-02 9.691742326062886825e-02 6.844713273576685797e-01
1.855438379476830393e-02 -3.323400924840707281e-03 6.872052436398183861e-01
9.739776956437259936e-02 7.759590359732739494e-03 7.161637360996131463e-01
8.983328728468914504e-02 1.190137756463261337e-01 7.129907956614273123e-01
1.096169495940307707e-02 1.083211572057823091e-01 6.844652266670013807e-01
3.176467120043224290e-01 1.403058797352679798e-01 7.882041950796695451e-01
4.333928853052670394e-01 1.401607126979547424e-01 8.302772447854832594e-01
4.334511061424187739e-01 2.194840439650934949e-01 8.303009520130272270e-01
3.176343814305853663e-01 2.198022847722969075e-01 7.882063103440624108e-01
4.232010894124241807e-01 1.398631682317204583e-01 8.265380837401050673e-01
4.334262558175575042e-01 2.126649071173812855e-01 8.302942520278671079e-01
3.280312297556369217e-01 2.197808113226383808e-01 7.922514166356010579e-01
3.176618384626492819e-01 1.475619623612055287e-01 7.882095185120379099e-01
4.124152693623269750e-01 1.400700451599325991e-01 8.231640660359078598e-01
4.334110741554917934e-01 2.050803066159913590e-01 8.302896791190425008e-01
3.389514404650201262e-01 2.195666121627170009e-01 7.956714731931724405e-01
3.176428397806090320e-01 1.544475326693464656e-01 7.882040380174749616e-01
4.018751780202987622e-01 1.400410207649839534e-01 8.184702290737260189e-01
4.334394207463253545e-01 1.978439612427382310e-01 8.302955117272302621e-01
3.493458175132557186e-01 2.198427536253265424e-01 7.994175478474181418e-01
3.176591473615438810e-01 1.617036669948769545e-01 7.882097707701704037e-01
3.911000812342299571e-01 1.401816604381310449e-01 8.147857234529070070e-01
4.334170944881146625e-01 1.910247389223185266e-01 8.302893890338266525e-01
3.597647710522157150e-01 2.193054721749592706e-01 8.030252035057967586e-01
3.176769393882024062e-01 1.689597880627813908e-01 7.882158741923831480e-01
3.806423245835429681e-01 1.403765201412130459e-01 8.116092760847033460e-01
4.334036213893777134e-01 1.834401426549882586e-01 8.302852079482792025e-01
3.704932041504483964e-01 2.196230235604309244e-01 8.071547521313393592e-01
3.176532080154781945e-01 1.766106100663857592e-01 7.882090403973991410e-01
3.704694250027240621e-01 1.403374704028740039e-01 8.071403110355181987e-01
4.334290950620098282e-01 1.762041338852652350e-01 8.302903911593237929e-01
3.806658560098585276e-01 2.200695879747761596e-01 8.116238431249245266e-01
3.176301121963732710e-01 1.834963939418860768e-01 7.882021486988166625e-01
3.597722532575330368e-01 1.399782242098030760e-01 8.030199168502742957e-01
4.334525971430142066e-01 1.689682595913364616e-01 8.302948779058657580e-01
3.911291283826485166e-01 2.193849224557282152e-01 8.148018365503086891e-01
3.176487406866849716e-01 1.907526362056021219e-01 7.882087010613899603e-01
3.493578782342711686e-01 1.400801424505180859e-01 7.994140117204966423e-01
4.333975571778913571e-01 1.618002723944141075e-01 8.302810628731134290e-01
4.018998452586423631e-01 2.195510538604157624e-01 8.184853777478829917e-01
3.176688429170460015e-01 1.980088585391582556e-01 7.882156211680808600e-01
3.389633601592623724e-01 1.401507695914399054e-01 7.956683761914151720e-01
4.334201369624866018e-01 1.545645782354562459e-01 8.302855920519174315e-01
4.124357301039726642e-01 2.199839678007463051e-01 8.231784139048597959e-01
3.176904134954113279e-01 2.052650567794973568e-01 7.882229080193220438e-01
3.279898142532939875e-01 1.402992590157694786e-01 7.922322728198735176e-01
4.334407325199256533e-01 1.473290076487052958e-01 8.302894205532981298e-01
4.231690128971688503e-01 2.196972774146531970e-01 8.265396352035142558e-01
3.176647749985604952e-01 2.121510878740879291e-01 7.882154313114497768e-01
